                      90/03/29  證券收盤行情

       上市股價指數   5833.88   漲  14.49   成交值   819.03 億

       上櫃股價指數    152.46   漲   2.14   成交值   172.96 億

 代號  股票名稱  收盤   漲跌   開盤   最高   最低   張數   筆數   張/筆
====== ======== ====== ====== ====== ====== ====== ====== ====== =======
1101   台泥      15.30  -0.10  15.30  15.40  15.20   4914   1220    4.03
1102   亞泥      15.10  +0.30  14.80  15.10  14.70   1363    341    4.00
1103   嘉泥       7.60  +0.05   7.60   7.60   7.50    179     76    2.36
1104   環泥       6.10  -0.05   6.10   6.20   6.10    269     36    7.47
1107   建台       2.16  -0.01   2.10   2.16   2.10   1006    228    4.41
1108   幸福       4.80  +0.12   4.74   4.80   4.63    288     56    5.14
1109   信大      11.50  -0.10  11.50  11.50  11.50      5      8    0.63
1110   東泥       5.90  +0.10   5.70   5.90   5.70    119     25    4.76
1201   味全      13.10  +0.10  13.20  13.50  12.95   4732    999    4.74
1204   津津       9.10  -0.20   9.10   9.30   9.10     48     28    1.71
1207   嘉食化     5.95  -0.05   6.00   6.10   5.90    579    103    5.62
1210   大成      12.35   0.00  12.20  12.50  12.10   1679    386    4.35
1212   中日       4.92  -0.04   4.96   5.00   4.90    122     45    2.71
1213   大飲      10.90  -0.30  11.00  11.00  10.90      7     11    0.64
1214   尚德       4.90  -0.08   5.00   5.00   4.90    140     32    4.38
1215   卜蜂       6.70   0.00   6.90   6.90   6.60   2612    450    5.80
1216   統一      19.10   0.00  19.10  19.40  19.00   4558    865    5.27
1217   愛之味     8.15  +0.50   8.15   8.15   7.90   3621    538    6.73
1218   泰山       6.00  -0.20   6.25   6.30   6.00   1117    253    4.42
1219   福壽       4.99  -0.01   5.00   5.05   4.92    202     97    2.08
1220   台榮       6.70   0.00   6.90   6.95   6.50    128     57    2.25
1221   久津      16.20   0.00  16.20  16.40  16.10   1162    272    4.27
1224   惠勝       9.65  +0.15   9.60   9.65   9.05    586    104    5.63
1226   立大       1.45  -0.04   1.49   1.50   1.41    583     77    7.57
1227   佳格      11.60  -0.30  11.85  11.85  11.60    515    259    1.99
1228   臺芳       5.60  -0.20   5.60   5.60   5.60     11      5    2.20
1229   聯華       9.65  +0.25   9.40   9.65   9.40    502    150    3.35
1231   聯華食    19.50   0.00  19.50  19.70  19.10    841    192    4.38
1232   大統益    13.35   0.00  13.40  13.40  13.30     59     15    3.93
1233   天仁      14.65   0.00  14.85  15.60  14.10    763    157    4.86
1234   黑松      15.00   0.00  15.00  15.00  14.80    196     90    2.18
1235   興泰       9.90   0.00   9.85   9.90   9.80     55     18    3.06
1301   臺塑      45.00  -0.50  45.40  45.50  45.00   2034    886    2.30
1303   南亞      38.80  -0.20  39.00  39.00  38.80   3152   1198    2.63
1304   臺聚       8.60  -0.10   8.70   8.75   8.60   1232    321    3.84
1305   華夏       5.10  -0.15   5.30   5.35   5.05   1955    393    4.97
1306   合發      36.50  +0.10  37.00  37.00  35.50     30     26    1.15
1307   三芳      13.40  -0.50  13.60  13.90  13.20   1620    407    3.98
1308   亞聚      15.10  -0.20  15.20  15.50  15.00    978    311    3.14
1309   臺達化     8.35  -0.05   8.35   8.50   8.30    473    146    3.24
1310   台苯      22.80  -0.20  23.00  23.30  22.70   4326   1189    3.64
1311   福聚      16.10  -0.10  16.20  16.30  16.00   1332    411    3.24
1312   國喬      12.80   0.00  13.00  13.00  12.80   4480    859    5.22
1312A  國喬特    13.10  -0.70  13.00  13.10  13.00      5      3    1.67
1313   聯成       7.10  +0.10   7.05   7.15   7.00   1397    413    3.38
1314   中石化     5.70  -0.15   5.80   5.85   5.70   5086    727    7.00
1315   達新       7.30  -0.20   7.40   7.40   7.30    176     37    4.76
1316   上曜       4.00  -0.04   4.04   4.04   3.93    597    107    5.58
1319   東陽      14.90  -0.10  15.00  15.00  14.70    283     75    3.77
1321   大洋       8.20   0.00   8.20   8.20   8.05     12      7    1.71
1323   永裕       6.80   0.00   6.75   6.80   6.70     24     10    2.40
1324   地球      26.40  -0.10  27.10  27.40  26.20    803    365    2.20
1325   恆大      18.60   0.00  18.80  19.00  18.00    196     87    2.25
1402   遠紡      23.60  +0.10  23.30  23.60  23.20   6240   1514    4.12
1407   華隆       2.42  +0.09   2.33   2.44   2.30  10385    946   10.98
1407A  華隆特     3.84  +0.19   3.66   3.84   3.66     10      6    1.67
1408   中紡       2.24  +0.04   2.27   2.27   2.15   3753    372   10.09
1409   新纖       3.40  -0.01   3.36   3.46   3.31   3615    425    8.51
1410   南染       7.70  +0.10   7.80   7.85   7.70    177     49    3.61
1413   宏洲       3.05  +0.11   3.02   3.10   2.88   1100    180    6.11
1414   東和       2.42  +0.04   2.38   2.44   2.36    196     45    4.36
1416   廣豐       3.91  -0.03   3.90   4.00   3.85   2306    360    6.41
1417   嘉裕       4.95  -0.03   4.98   5.00   4.86   1595    207    7.71
1418   東華       7.20  -0.10   7.15   7.40   7.15    639     84    7.61
1419   新紡      14.05  +0.20  13.85  14.20  13.85    384    135    2.84
1420   潤泰      16.80  -0.10  16.90  16.90  16.60    684     83    8.24
1422   民紡       2.93  -0.22   2.93   2.93   2.93    536     90    5.96
1423   利華       4.61  +0.11   4.50   4.70   4.50    431     94    4.59
1431   新燕       1.37  +0.03   1.30   1.38   1.30    856     91    9.41
1432   大魯閣     8.30   0.00   8.10   8.30   8.10     40     14    2.86
1433   臺化      28.20  -0.20  28.30  28.50  28.20   2317    812    2.85
1434   福懋      15.00   0.00  15.00  15.10  14.90   1314    306    4.29
1435   中福       9.15   0.00   9.10   9.15   8.90     50     17    2.94
1436   福益       4.19  -0.01   4.08   4.19   4.08     42     14    3.00
1437   勤益       8.15  +0.25   7.95   8.15   7.80    211     69    3.06
1438   裕豐       3.67  +0.07   3.58   3.68   3.47    110     33    3.33
1439   中和      11.30  -0.30  11.50  11.50  11.10    172     59    2.92
1440   南紡       4.78  +0.13   4.60   4.79   4.60    938    146    6.42
1441   大東       4.32  +0.09   4.27   4.35   4.16    539    110    4.90
1442   達永興     1.76  +0.04   1.77   1.78   1.72    352     67    5.25
1443   立益       4.61  +0.20   4.35   4.70   4.35   1560    168    9.29
1444   力麗       4.28  +0.28   4.05   4.28   4.00   6376    691    9.23
1445   大宇       6.60  +0.10   6.60   6.70   6.30   1053    145    7.26
1446   宏和       4.25  -0.25   4.50   4.50   4.25    733     98    7.48
1447   力鵬       4.59  +0.30   4.50   4.59   4.40   5549    640    8.67
1449   佳和       4.09   0.00   4.08   4.14   4.07    578    117    4.94
1450   新藝       4.30  +0.15   4.15   4.39   4.15    817    101    8.09
1451   年興      33.20   0.00  33.30  33.50  32.70   2328    635    3.67
1452   宏益       5.30  +0.32   4.90   5.30   4.90   2881    279   10.33
1453   大將       9.60  +0.60   9.00   9.60   8.90   2780    472    5.89
1454   台富       6.35  +0.05   6.30   6.50   6.30     48     26    1.85
1455   集盛       5.25  +0.32   4.96   5.25   4.95   3813    431    8.85
1456   怡華       6.70  -0.10   6.60   6.70   6.50     26      8    3.25
1457   宜進       5.05  +0.29   4.76   5.05   4.76   6117    568   10.77
1458   嘉畜       1.62  +0.05   1.51   1.62   1.51   1373    118   11.64
1459   聯發       9.40  +0.40   9.00   9.60   9.00   4515    309   14.61
1460   宏遠       7.80  +0.50   7.60   7.80   7.50   1260    272    4.63
1462   東雲       1.72  +0.05   1.74   1.74   1.65   2820    344    8.20
1463   強盛       7.85  +0.25   7.60   7.90   7.60    498    104    4.79
1464   得力       3.29  +0.07   3.23   3.29   3.23    397     67    5.93
1465   偉全      10.15   0.00  10.00  10.30  10.00    290     82    3.54
1466   聚隆       1.42  +0.03   1.40   1.46   1.40    560     76    7.37
1467   南緯      16.00  -0.10  16.00  16.30  15.50    188     30    6.27
1468   昶和      16.40  +0.10  16.10  16.40  15.90    115     54    2.13
1469   理隆      24.00   0.00  24.00  24.00  24.00      2      1    2.00
1470   大統染     7.45   0.00   6.95   7.45   6.95     15     13    1.15
1471   首利       5.90  +0.35   5.50   5.90   5.50   1003    168    5.97
1472   三洋纖     8.90   0.00   9.30   9.30   8.90     23     13    1.77
1473   台南      55.50  -0.50  55.00  56.00  55.00    206    169    1.22
1474   弘  裕    15.70   0.00  15.50  15.70  15.50    162     63    2.57
1475   本  盟    28.00  -0.60  28.50  28.60  27.50    278     71    3.92
1503   士電      20.10  +0.20  20.00  20.10  19.90   1198    280    4.28
1503R  士電甲     0.00   0.00   0.00   0.00   0.00      0      0    0.00
1503S  士電乙    25.30  -1.00  27.90  27.90  25.30     79      9    8.78
1504   東元      19.90   0.00  19.90  20.00  19.90   4566   1161    3.93
1506   正道       4.10  +0.06   4.10   4.10   4.01    274     68    4.03
1507   永大      15.10   0.00  15.30  15.30  15.00   2312    494    4.68
1509   元  富     4.20  -0.31   4.20   4.20   4.20    393     61    6.44
1510   台安      10.10  +0.20   9.90  10.30   9.90    195     62    3.15
1512   瑞利       3.95  -0.08   4.12   4.15   3.91   2282    416    5.49
1513   中興電    11.80  -0.05  11.80  11.95  11.70   1387    320    4.33
1514   亞力      12.35  -0.35  12.80  12.80  12.35    823    147    5.60
1515   力山      11.85  -0.15  12.10  12.20  11.80   2075    404    5.14
1516   川飛       6.90  +0.10   6.70   7.10   6.50   2668    495    5.39
1517   利奇       8.30   0.00   8.20   8.40   8.10   1071    240    4.46
1518   夆典      13.10  +0.50  12.90  13.45  12.80   5362   1235    4.34
1519   華城      21.30  -0.30  21.60  21.80  21.30    687    211    3.26
1520   復盛      72.50  +2.00  71.00  72.50  70.50   3624   1234    2.94
1521   大億      18.50  -0.20  18.90  18.90  18.20    385    132    2.92
1522   堤維西    23.50  +0.50  23.20  23.50  22.50   1334    405    3.29
1523   開億      17.00  -0.20  17.20  17.20  16.90     41     16    2.56
1524   耿鼎      13.75  +0.25  13.50  13.80  13.50    550    147    3.74
1525   江  申     0.00   0.00   0.00   0.00   0.00      0      6    0.00
1526   日馳       9.30  -0.15   9.00   9.45   9.00    166     41    4.05
1527   鑽全      53.50  -0.50  54.00  54.00  53.00   1496    591    2.53
1528   恩德      21.80  -0.20  22.30  22.30  21.60   1241    280    4.43
1529   樂士       9.50  +0.05   9.30   9.50   9.30     45     26    1.73
1530   亞崴      11.80  +0.50  11.40  12.05  11.30    263     69    3.81
1531   高林股    51.50  -1.00  52.50  53.00  51.50   1442    517    2.79
1532   勤美      21.60  -0.20  21.60  21.90  21.20    791    301    2.63
1601   台光       6.10   0.00   6.10   6.25   6.05   2107    348    6.05
1602   太電      12.70  -0.10  12.70  12.90  12.65   8972   2130    4.21
1603   華電       5.70   0.00   5.75   5.75   5.60    651     89    7.31
1604   聲寶      15.00  +0.10  14.90  15.00  14.80   2622    659    3.98
1605   華新      15.90  +0.30  15.60  15.90  15.60  19097   2694    7.09
1606   歌林       5.75   0.00   5.75   5.80   5.70   1003    199    5.04
1608   華榮       6.80  +0.10   6.55   6.90   6.55   2769    456    6.07
1609   大亞       6.00   0.00   6.00   6.00   5.80    883    186    4.75
1611   中電      10.60  -0.75  11.20  11.20  10.60   2353    239    9.85
1612   宏泰      11.50  -0.20  11.85  11.85  11.45   1059    213    4.97
1613   台一       5.65  -0.05   5.70   5.75   5.60   2443    325    7.52
1614   三洋電    11.10   0.00  11.10  11.20  11.10     57     26    2.19
1615   大山       6.70  -0.10   6.80   6.80   6.45     46     27    1.70
1616   億泰       9.10  -0.15   9.30   9.30   9.00     73     27    2.70
1617   榮星      19.60  -0.50  19.70  19.70  19.30    536    107    5.01
1618   合機       6.30  +0.15   6.15   6.30   6.15    977    136    7.18
1701   中化      12.00  -0.10  12.20  12.30  11.90   2844    640    4.44
1702   南僑       5.70  -0.20   5.90   5.90   5.60    690    165    4.18
1704   榮化      11.95  -0.05  12.00  12.00  11.85   1202    275    4.37
1707   葡萄王     7.80   0.00   7.80   7.95   7.80    632    179    3.53
1708   東南       9.50  -0.10   9.60   9.60   9.40    269     65    4.14
1709   和益      12.80  -0.20  13.00  13.00  12.50     21    171    0.12
1710   東聯      10.50   0.00  10.70  10.70  10.50   1095    339    3.23
1711   永光      12.15  -0.65  12.80  12.80  12.00   4192    858    4.89
1712   興農       5.70  +0.10   5.90   5.90   5.60  12622   1630    7.74
1713   國化      10.10  +0.10  10.20  10.30   9.90    428    158    2.71
1714   和桐      25.40  -0.30  26.20  26.20  25.40   3782    888    4.26
1714U  和桐丁     0.00   0.00   0.00   0.00   0.00      0      0    0.00
1715   亞化      17.90  -0.10  18.00  18.30  17.70   2686    660    4.07
1716   永信      32.10  -0.50  33.00  33.00  31.80   1439    471    3.06
1717   長興      24.50   0.00  24.30  24.50  24.10   1728    499    3.46
1718   中纖       3.10  +0.02   3.10   3.15   3.07   2101    374    5.62
1720   生達      28.10  -0.70  29.00  29.30  27.60   1524    620    2.46
1721   三晃       4.09  +0.09   4.05   4.09   4.01    129     38    3.39
1722   台肥      16.90  +0.30  16.70  17.40  16.70   8156   1896    4.30
1723   中碳      35.70  -0.30  36.30  36.30  35.70    571    269    2.12
1724   台硝       6.60  -0.10   6.65   6.70   6.50   1190    151    7.88
1725   元禎      24.80  -0.70  25.30  25.30  24.70     28     11    2.55
1726   永記      30.70  -0.10  30.80  31.00  30.50     71     51    1.39
1727   中華化    12.30  -0.10  12.40  12.40  12.30     35     15    2.33
1729   必翔      94.00  +6.00  94.00  94.00  94.00      8      8    1.00
1802   台玻      30.40  -0.20  30.80  31.00  30.10   2612    828    3.15
1805   凱聚       2.58  +0.08   2.55   2.60   2.46   4678    382   12.25
1806   信益       9.05  -0.55   9.25   9.35   8.95  13807   1881    7.34
1807   羅馬       5.30  +0.05   5.30   5.50   4.92   8575   1304    6.58
1809   中釉      11.85  -0.35  12.30  12.30  11.60   1538    383    4.02
1810   和成      13.00  -0.20  13.40  13.40  12.45   5380   1004    5.36
1902   臺紙       5.10   0.00   5.05   5.20   5.05   2333    386    6.04
1903   士紙      38.50  -0.80  39.30  39.30  38.00    100     75    1.33
1904   正隆       8.05  -0.05   8.15   8.20   7.95   2158    604    3.57
1905   華紙      12.40  -0.40  12.80  12.80  12.30   3970    910    4.36
1906   寶隆       3.74  +0.09   3.75   3.75   3.65    224     44    5.09
1907   永豐餘    11.55  -0.30  12.00  12.00  11.20   6320   1299    4.87
1909   榮成       6.25  +0.40   6.25   6.25   6.25   7535    740   10.18
2002   中鋼      19.50  -0.30  19.80  19.80  19.50   8560   2065    4.15
2002A  中鋼特    20.90   0.00  20.90  21.00  20.80     33     13    2.54
2006   東鋼      11.40  -0.10  11.50  11.50  11.30    778    171    4.55
2007   燁興       3.00  +0.02   2.98   3.00   2.93    479     74    6.47
2008   高興昌     4.52  +0.01   4.50   4.52   4.42    199     35    5.69
2009   第一銅     5.80  +0.35   5.45   5.80   5.40   2196    262    8.38
2010   春源      10.30  -0.15   9.95  10.30   9.85   2044    357    5.73
2012   春雨       4.00  -0.02   4.00   4.04   3.91    170     60    2.83
2013   中鋼構    21.20  +0.10  21.10  21.30  20.90    514    168    3.06
2014   燁隆       3.02  -0.04   3.01   3.05   3.00    554     94    5.89
2015   豐興       8.80  -0.05   8.90   8.90   8.75    153     38    4.03
2017   嘉益       2.60  +0.07   2.50   2.60   2.50    564    103    5.48
2020   美亞       9.80  +0.20   9.60   9.80   9.60    461     67    6.88
2022   聚亨       4.14  +0.27   3.85   4.14   3.83   4052    425    9.53
2023   燁輝       6.85  -0.15   7.00   7.00   6.80   1076    247    4.36
2024   志聯       2.29   0.00   2.32   2.32   2.23    126     28    4.50
2025   千興       3.98  +0.02   3.96   4.01   3.95     99     30    3.30
2027   大成鋼     8.10  +0.05   8.05   8.10   8.00    223     45    4.96
2028   威致       2.17  -0.01   2.18   2.18   2.15    363     47    7.72
2029   盛餘      15.10  +0.10  15.00  15.20  15.00    489    103    4.75
2030   彰源      11.35   0.00  11.35  11.35  11.30      9     10    0.90
2031   新光鋼     9.40  -0.10   9.40   9.50   9.35    201     66    3.05
2032   新鋼       9.70  -0.10   9.60   9.70   9.60     63     26    2.42
2033   佳大       6.65  -0.05   6.70   6.70   6.50     59     36    1.64
2102   泰豐      10.60  +0.55  10.00  10.70  10.00   3227    751    4.30
2103   臺橡       5.05  -0.05   5.10   5.10   5.00    857    153    5.60
2104   中橡      20.40  -0.40  21.10  21.30  20.40  11461   2983    3.84
2105   正新      24.70   0.00  25.00  25.10  24.30   6445   1427    4.52
2106   建大      15.80  -0.30  16.00  16.40  15.60   2625    585    4.49
2107   厚生       8.95  +0.25   8.75   9.00   8.70   3119    528    5.91
2108   南帝      10.40  -0.20  10.50  10.60  10.40    496    131    3.79
2109   華豐      12.15  -0.15  11.70  12.30  11.70    456     97    4.70
2201   裕隆      21.30  +0.10  21.30  21.40  20.80   2936    762    3.85
2204   中華      33.50  +0.20  33.20  33.70  33.10   1563    509    3.07
2206   三陽       9.40   0.00   9.10   9.40   9.10     53     17    3.12
2207   和泰車    21.30  -0.10  21.40  21.50  21.30     53     42    1.26
2301   光寶      27.90   0.00  28.30  28.80  27.20  56238  12131    4.64
2302   麗正      11.75  +0.75  10.50  11.75  10.50   7727   1675    4.61
2303   聯電      53.00   0.00  53.50  53.50  53.00  31599  10406    3.04
2304   誠洲       5.80  +0.35   5.25   5.80   5.25   8660   1598    5.42
2305   全友      12.40  +0.80  11.30  12.40  11.20   5421   1400    3.87
2306   宏電      24.00  -0.50  24.30  24.50  23.10  47282  11482    4.12
2308   台達電   115.00   0.00 115.00 116.00 115.00   3455   1738    1.99
2310   旭麗      37.40  +0.30  36.90  37.80  36.60  15268   3883    3.93
2311   日月光    30.00  +0.30  29.50  30.40  29.30  14815   4582    3.23
2312   金寶      27.60   0.00  27.40  27.60  27.10  11327   3000    3.78
2313   華通     127.50  +1.50 127.00 128.00 125.00   1618    824    1.96
2313S  華通乙     0.00   0.00   0.00   0.00   0.00      0      0    0.00
2314   台揚      67.50  -0.50  68.00  68.50  66.50   6528   2505    2.61
2315   神達      28.50  -0.30  28.50  28.70  27.50  21266   5059    4.20
2316   楠梓電    33.90  -0.60  34.50  34.50  33.40   7162   2498    2.87
2317   鴻海     200.00  -2.00 200.00 202.00 199.00   4124   2256    1.83
2318   佳錄      10.70  +0.70   9.75  10.70   9.30   7785   1513    5.15
2319   大眾      19.70  +1.20  18.50  19.70  18.20  37380   8063    4.64
2321   東訊      40.10   0.00  40.20  40.50  39.50   6292   2347    2.68
2322   致  福    22.20  +0.30  22.20  22.20  21.10   4876   1264    3.86
2323   中環      44.40  +0.90  43.50  44.70  43.30  19465   7028    2.77
2323S  中環乙     0.00   0.00   0.00   0.00   0.00      0      0    0.00
2324   仁寶      57.00  -1.00  57.50  58.00  56.50  13235   3366    3.93
2325   矽品      27.10  +0.60  26.50  27.30  26.30  13342   3914    3.41
2326   亞瑟       5.50  +0.05   5.35   5.60   5.20  19625   2577    7.62
2327   國巨      51.00  +0.50  50.00  51.00  49.50  48490  12435    3.90
2328   廣宇      22.40  +0.40  21.70  22.50  21.30   1879    599    3.14
2329   華泰      15.60  +1.00  14.60  15.60  14.30  26887   5114    5.26
2330   台積電    88.00  -1.00  89.00  89.00  88.00  13713   4597    2.98
2331   精英     171.00  +2.00 171.00 173.00 169.00   2476   1378    1.80
2332   友訊      59.50  +3.50  56.50  59.50  56.50  35008   9145    3.83
2333   碧悠      33.40  -1.90  33.20  34.20  33.00  49444  14262    3.47
2335   清三      14.10  +0.30  13.00  14.20  12.85    942    410    2.30
2336   致伸      28.70  +0.90  27.80  28.70  27.20  12173   3272    3.72
2337   旺宏      53.00  +0.50  52.50  53.50  52.00  23198   7642    3.04
2338   光罩      27.30  +0.70  26.50  27.40  26.50  14252   3673    3.88
2340   光磊      36.30  +0.30  35.50  36.30  35.10  20933   5160    4.06
2341   英群      31.70   0.00  31.60  32.00  30.80   8899   2340    3.80
2342   茂矽      27.60  +0.30  26.80  27.60  26.50  82287  19117    4.30
2343   精業      70.00   0.00  69.50  70.00  68.00  12464   5048    2.47
2344   華邦電    41.60  +0.10  41.00  41.60  40.30  30037   7943    3.78
2344L  華邦癸     0.00   0.00   0.00   0.00   0.00      0      0    0.00
2345   智邦      62.00  +2.00  60.00  62.00  59.00  19202   6160    3.12
2346   源興      54.50  +1.00  53.50  55.50  53.50  17286   4901    3.53
2347   聯強      72.00  +1.00  71.00  72.50  71.00   4420   1865    2.37
2348   力捷       9.70  +0.60   8.70   9.70   8.65   5986   1553    3.85
2349   錸德      84.00  +1.50  82.50  84.00  82.50  14232   6399    2.22
2350   環電      30.40  +1.90  28.50  30.40  28.50  28547   6063    4.71
2351   順德      16.40  +1.00  15.40  16.40  14.40   5664   1398    4.05
2352   明電      44.90  -0.40  44.90  45.20  43.50  16594   5304    3.13
2353   宏科      73.50  +1.50  72.50  74.00  72.50  10591   4112    2.58
2354   華升      54.00  +1.50  53.50  54.00  52.00    515    266    1.94
2355   敬鵬      31.90  +0.60  31.20  31.90  30.60   4008   1011    3.96
2356   英業達    45.30   0.00  44.80  45.30  43.50  14807   4201    3.52
2357   華碩     171.00  +1.00 170.00 173.00 169.00   7467   3723    2.01
2358   美格       8.65  +0.30   8.35   8.80   7.90   4120   1024    4.02
2359   所羅門    28.10  +0.20  27.80  28.30  27.20   9287   2320    4.00
2360   致茂      43.30  +0.30  43.00  44.00  43.00   4772   1544    3.09
2361   鴻友      10.05  +0.65   9.20  10.05   8.75   7578   1364    5.56
2362   藍天      17.20  +1.10  16.00  17.20  15.30  12562   3427    3.67
2363   矽統      65.00  +3.00  62.00  65.50  61.50  30407  10169    2.99
2364   倫飛      12.65  +0.80  11.05  12.65  11.05  19618   4521    4.34
2365   昆盈      36.80  +0.90  35.80  36.90  35.20   5320   1554    3.42
2366   亞旭      32.30  +0.80  31.50  32.30  31.00   7367   2310    3.19
2367   燿華      19.80  +0.80  18.80  19.80  18.40  10591   2645    4.00
2368   金像電    28.70  +0.40  28.40  28.70  28.00   5949   1863    3.19
2369   菱生      19.20  +0.90  18.40  19.20  18.30   6603   2026    3.26
2370   匯僑工    44.00  +2.80  41.10  44.00  40.80  18367   5656    3.25
2371   大同      14.00  +0.10  13.90  14.05  13.80   6720   1765    3.81
2373   震旦行    32.70  +0.20  32.80  33.00  32.00   1970    675    2.92
2374   佳能      26.50  +0.70  25.80  26.50  25.80   2439    891    2.74
2375   智寶      18.70  +1.10  17.30  18.70  17.20  11909   2920    4.08
2376   技嘉     104.00  +2.00 103.00 104.50 102.00   6717   2475    2.71
2377   微星     107.00  +2.00 105.00 107.00 103.00  11670   4428    2.64
2378   鴻運電    23.80  +1.50  22.30  23.80  22.00   5225   1293    4.04
2379   瑞昱     183.00  +9.00 175.00 184.00 173.00  15009   7572    1.98
2379R  瑞昱甲     0.00   0.00   0.00   0.00   0.00      0      0    0.00
2379T  瑞昱丙     0.00   0.00   0.00   0.00   0.00      0      0    0.00
2380   虹光      99.00  -1.00  98.00  99.50  97.50   2929   1488    1.97
2381   華宇      40.80  +0.80  40.30  41.00  38.90  31302   9144    3.42
2382   廣達     116.00  +3.50 112.00 116.50 112.00  10231   3518    2.91
2383   台光電    30.60   0.00  30.60  30.90  29.80   3149   1130    2.79
2384   勝華      60.50  +1.00  59.50  60.50  58.50   4312   1794    2.40
2385   群光      29.60  +0.90  28.50  29.60  28.10   1198    472    2.54
2386   國電     190.00  +2.00 188.00 190.00 187.00   2508   1021    2.46
2387   精元      36.50  +1.30  35.20  37.20  35.20   1973    764    2.58
2388   威盛     356.00 +10.00 347.00 360.00 346.00  15727   8770    1.79
2389   世昕      43.40  +1.00  42.00  44.50  42.00   5852   1825    3.21
2390   云辰      65.50  +0.50  64.00  65.50  64.00   3344   1418    2.36
2391   合勤      69.50  +2.00  67.50  70.50  67.00   6334   1743    3.63
2392   正崴      85.50  +0.50  85.50  87.00  85.00   3548   1465    2.42
2393   億光      33.30  -0.30  33.80  34.00  33.20   6164   2028    3.04
2394   普立爾    65.00  +3.00  62.00  65.00  61.00   4882   1885    2.59
2395   研華     136.00  +1.50 134.50 136.00 132.00    668    338    1.98
2396   精碟      96.00  +1.50  94.50  96.50  94.00  13765   5795    2.38
2397   友通      57.00  -0.50  57.00  58.00  56.50   1112    466    2.39
2398   博達     114.50  +2.50 114.00 114.50 111.00   2806   1467    1.91
2399   映泰      25.20  +0.70  24.50  25.20  24.20   2051    768    2.67
2401   凌陽     176.00  +2.00 177.00 177.00 173.00   1997   1075    1.86
2402   毅嘉     104.50  +3.50 101.00 104.50 101.00   2464   1035    2.38
2403   友尚      85.50  +0.50  86.00  86.00  84.00   2059    944    2.18
2404   漢唐      36.70  +0.70  35.80  36.80  35.60   1986    705    2.82
2405   浩鑫      18.20  +1.10  17.10  18.20  17.00   2724    870    3.13
2406   國碩      35.90  +1.60  34.30  36.10  34.30  15677   4271    3.67
2407   陞技      39.30  +1.10  38.20  39.30  37.90   6831   2518    2.71
2408   南科      40.00  +2.20  37.80  40.00  37.30  52409  11448    4.58
2409   達基      37.00  +2.40  34.70  37.00  34.30  35846   7167    5.00
2410   普大      14.50  -0.20  14.50  14.70  14.10    708    262    2.70
2411   飛瑞      37.70  -1.00  38.70  38.80  37.40   3828   1282    2.99
2412   中華電    61.50   0.00  61.00  62.00  61.00   1231    702    1.75
2413   環科      92.00   0.00  91.00  92.00  90.00   1076    496    2.17
2414   精技      43.60  +1.40  42.50  43.60  42.50   2524    748    3.37
2415   錩新      39.40   0.00  39.30  39.80  38.20   1541    607    2.54
2416   世平      89.50   0.00  91.00  92.00  89.00   4773   1814    2.63
2417   圓剛      38.00  +0.10  38.00  39.10  37.60   6273   2252    2.79
2418   雅新      57.50   0.00  56.50  57.50  56.50   1862    767    2.43
2418S  雅新乙     0.00   0.00   0.00   0.00   0.00      0      0    0.00
2418T  雅新丙     0.00   0.00   0.00   0.00   0.00      0      0    0.00
2419   仲琦      49.70   0.00  50.50  51.00  48.80   4978   2043    2.44
2420   新巨      29.60  +1.00  28.30  29.60  28.10   2312    928    2.49
2421   建準      40.00  -1.30  40.60  42.50  39.50   7477   2081    3.59
2422   國聯      34.10  -0.40  34.50  34.50  33.80   5045   1610    3.13
2422T  國聯丙     0.00   0.00   0.00   0.00   0.00      0      0    0.00
2423   固緯      28.20  +0.40  26.60  28.20  26.60    695    331    2.10
2424   隴華      20.90  +0.10  20.10  21.00  20.10   2285    716    3.19
2425   承啟      26.30  +1.10  24.60  26.50  24.60   4300    958    4.49
2426   鼎元      33.30  -0.70  34.00  34.40  32.30   3117   1092    2.85
2427   三商電    57.50  +0.50  57.00  57.50  56.00   1725    675    2.56
2428   興勤      35.80   0.00  34.90  35.80  34.50   2327    807    2.88
2429   永兆      19.20  +0.70  18.00  19.20  17.30   1560    496    3.15
2430   燦坤      60.00  -0.50  60.50  62.00  59.00   8016   2985    2.69
2431   聯昌      22.00  +0.60  21.40  22.30  21.00   2507    869    2.88
2432   倚天      48.70  -0.80  49.30  49.60  48.10   3581   1450    2.47
2433   互盛電    31.40  -0.50  31.20  31.70  30.70   3465   1101    3.15
2434   統懋      39.90  +1.40  39.00  39.90  38.10   1925    753    2.56
2435   台路      17.30  +0.70  16.20  17.50  16.20   3013    924    3.26
2436   偉詮電    70.00  +2.00  68.00  70.00  67.50   2250   1042    2.16
2437   旺詮      89.00  +2.50  86.50  89.00  86.00   2679   1399    1.91
2438   英誌      26.10  +0.20  25.60  26.20  25.00   7188   2195    3.27
2439   美律      84.50  +2.50  81.50  84.50  81.50   1773    586    3.03
2440   太空梭    25.40  +0.30  24.50  25.40  24.50   1584    505    3.14
2441   超  豐    28.70  +1.50  27.20  28.90  27.00   5168   1727    2.99
2442   美  齊    27.60  -0.30  28.00  28.60  27.00   2223    824    2.70
2443   利  碟    23.80  +1.50  22.30  23.80  22.30   9226   2829    3.26
2444   友  旺   106.50  +0.50 105.00 108.00 104.00   1511    484    3.12
2501   國建       8.75  +0.20   8.50   8.75   8.50   2256    442    5.10
2504   國產       6.90  +0.25   6.45   7.05   6.45  18280    716   25.53
2505   國揚       3.23  +0.14   3.30   3.30   3.00  18516   1804   10.26
2506   太設       5.95  +0.05   5.90   6.10   5.75   5079    744    6.83
2509   全坤興     7.20  -0.05   7.20   7.25   7.00     55     30    1.83
2511   太子       3.95  +0.07   3.85   3.95   3.85    721    110    6.55
2512   寶建       2.79  +0.12   2.65   2.79   2.63   2363    220   10.74
2513   潤建       5.20   0.00   5.20   5.25   5.10   1374    119   11.55
2514   龍邦       5.25  +0.05   5.15   5.35   5.15    733    127    5.77
2515   中工       4.35  +0.12   4.23   4.40   4.23   3427    604    5.67
2516   新建       5.65  +0.15   5.60   5.75   5.50   3862    587    6.58
2517   長谷       2.93  +0.11   2.80   2.97   2.78  10283   1008   10.20
2518   長億       2.91  +0.19   2.87   2.91   2.74  10468    804   13.02
2520   冠德      11.80  -0.20  12.05  12.10  11.70   2267    549    4.13
2521   宏總       1.70  +0.05   1.66   1.70   1.62   2635    221   11.92
2523   德寶       7.50  +0.05   7.40   7.55   7.40    347     94    3.69
2524   京城       9.00  +0.15   9.25   9.25   8.75     12     10    1.20
2525   寶祥       1.72  +0.02   1.69   1.76   1.69   1298    150    8.65
2526   大陸      12.70  +0.20  12.50  12.70  12.40   1299    339    3.83
2527   宏璟       6.10  +0.05   6.05   6.15   6.00     70     22    3.18
2528   皇普       1.82  +0.02   1.83   1.83   1.78    961    109    8.82
2530   華建       4.11  +0.05   4.00   4.22   4.00   2534    393    6.45
2531   三采       1.85  +0.03   1.81   1.88   1.81    874    138    6.33
2533   昱成      15.20  -0.40  15.60  16.00  15.20    215     91    2.36
2534   宏盛      11.80  -0.10  11.70  12.10  11.70    511    139    3.68
2535   達欣工     6.35  -0.10   6.25   6.40   6.20     71     31    2.29
2536   宏普       5.10  -0.05   5.25   5.25   5.10    120     53    2.26
2537   春池       5.95  +0.15   5.80   5.95   5.80    551    107    5.15
2538   基泰       7.40   0.00   7.40   7.40   7.00     59     21    2.81
2539   櫻花建     4.15  -0.04   4.20   4.25   3.97    575    137    4.20
2540   林三號     2.68  +0.05   2.63   2.70   2.58    407     62    6.56
2542   宏巨       3.95  +0.06   3.89   4.00   3.89   2010    282    7.13
2543   皇昌       5.90  +0.10   5.90   5.90   5.90      1      2    0.50
2544   昌益      21.70   0.00  22.00  22.00  21.30   2919    744    3.92
2545   皇翔       5.15  -0.05   5.20   5.30   5.00    146     54    2.70
2546   根基       7.00  +0.15   7.10   7.10   6.90     37     18    2.06
2547   日勝生     9.90  -0.10   9.90  10.30   9.75    861    256    3.36
2601   益航       3.48  +0.08   3.54   3.54   3.40   6713    735    9.13
2603   長榮      20.10   0.00  20.00  20.20  19.70   2495    636    3.92
2604   立榮      11.80  -0.20  12.00  12.10  11.75   1079    267    4.04
2605   新興       7.95  -0.25   8.30   8.30   7.90   2440    303    8.05
2606   裕民       9.80   0.00   9.70   9.80   9.45   4376    461    9.49
2607   榮運      12.95  -0.25  13.05  13.35  12.90    557    185    3.01
2608   大榮      10.25  -0.30  10.40  10.50  10.15   2444    450    5.43
2609   陽明      11.95   0.00  12.00  12.00  11.70   2381    549    4.34
2610   華航      18.90  -0.30  19.00  19.20  18.80   1790    387    4.63
2611   志信       7.45   0.00   7.45   7.60   7.40    196     51    3.84
2612   偉運       9.35  -0.05   9.40   9.45   9.10    320     99    3.23
2613   中櫃       7.15  -0.35   7.15   7.40   7.00     91     40    2.28
2614   遠森科    10.70  -0.05  10.80  10.85  10.60   4820   1159    4.16
2615   萬海      18.10  -0.10  18.30  18.40  18.00    947    265    3.57
2616   山隆      13.00  -0.15  13.00  13.00  13.00      3     11    0.27
2617   台航       7.90  -0.25   8.20   8.20   7.80    662    127    5.21
2701   萬企      13.20  +0.05  13.25  13.25  13.10     26     15    1.73
2702   華園      11.00   0.00  11.00  11.00  10.90      9     10    0.90
2704   國賓       8.90  +0.10   8.90   8.90   8.80    189     43    4.40
2705   六福      17.40  +0.10  17.30  17.60  17.10    985    311    3.17
2706   第一店    96.00   0.00  95.50  96.00  95.50     33     12    2.75
2707   晶華      18.20   0.00  18.40  18.40  18.10     79     24    3.29
2801   彰銀      20.00  -0.10  20.40  20.60  20.00  14152   3139    4.51
2801A  彰銀特    39.50   0.00  39.50  39.50  39.50      2      2    1.00
2802   一銀      25.00  -0.20  25.50  25.60  24.90  12781   2861    4.47
2803   華銀      25.30   0.00  25.30  25.90  25.30   7809   1656    4.72
2804   開發      34.10  -0.90  35.00  35.20  34.10  20643   5905    3.50
2805   國壽      57.50  -0.50  57.50  58.50  57.00   5261   1745    3.01
2806   中銀      27.30  -0.10  27.60  27.90  27.20   8224   1738    4.73
2807   竹商銀     6.15   0.00   6.10   6.20   6.10    917    209    4.39
2808   北商銀    13.70   0.00  13.80  13.90  13.60   3660    779    4.70
2809   南企       5.10   0.00   5.05   5.15   5.05    930    147    6.33
2810   高企       4.60  -0.07   4.75   4.75   4.54   1377    343    4.01
2811   東企       2.74  -0.04   2.75   2.81   2.72   1198    239    5.01
2812   台中銀     4.44  +0.04   4.45   4.47   4.41    688    153    4.50
2813   國票       8.30  -0.20   8.60   8.60   8.25  21575   1820   11.85
2814   興票      10.90  -0.05  11.05  11.20  10.85  26153   3050    8.57
2815   中信銀    26.60   0.00  26.90  27.10  26.60  12369   2406    5.14
2815A  信銀特    38.10  +0.80  38.00  38.10  38.00      2      2    1.00
2816   友聯       9.80  -0.25  10.20  10.20   9.80    362    114    3.18
2817   富邦保    30.10  +0.60  29.20  30.30  29.20   5453   1217    4.48
2818   新壽      27.70  +0.40  27.40  27.80  27.40   2190    721    3.04
2819   中產      11.90   0.00  11.80  12.00  11.80    552    139    3.97
2820   華票       8.20  -0.10   8.35   8.45   8.20   9567   1236    7.74
2821   復華      17.80  +0.10  17.80  18.00  17.60   1790    634    2.82
2822   農銀      13.00  -0.10  13.20  13.50  13.00  12609   2750    4.59
2823   中壽       9.25  -0.05   9.30   9.40   9.20   1397    299    4.67
2824   交銀      29.30  -0.30  29.90  29.90  29.30  12613   2934    4.30
2825   中央保     7.85  -0.05   7.60   8.00   7.60    148     69    2.14
2826   世華銀    27.60  +0.50  27.10  27.60  27.00  14721   2226    6.61
2827   中聯       5.45  -0.30   5.40   5.60   5.40   8386    627   13.37
2828   萬通銀     8.20   0.00   8.15   8.20   8.10    627    211    2.97
2829   大安銀     7.60  +0.05   7.55   7.70   7.50   2136    483    4.42
2830   北銀      20.30   0.00  20.30  20.60  20.20   3823   1075    3.56
2831   中華銀     8.90  +0.15   8.65   8.90   8.65    520    107    4.86
2832   台產      16.30   0.00  16.30  16.40  16.10    168     74    2.27
2833   台壽保    31.00  +0.50  31.20  31.50  30.80   1443    551    2.62
2834   台企銀    11.25   0.00  11.30  11.40  11.15   3159    551    5.73
2835   匯通銀     6.80  +0.15   6.65   6.85   6.65    501    132    3.80
2836   高雄銀    14.85  -0.10  15.00  15.10  14.80   2299    321    7.16
2837   萬泰銀     5.20  +0.05   5.05   5.20   5.00    412    121    3.40
2838   聯邦銀     7.30   0.00   7.30   7.55   7.25   1143    247    4.63
2839   華信銀    16.70  -0.10  17.00  17.00  16.60   4524    957    4.73
2840   玉山銀    13.55   0.00  13.55  13.60  13.50   2633    434    6.07
2841   台開       5.95  +0.10   5.80   6.00   5.70   2703    245   11.03
2842   富邦銀    13.35   0.00  13.50  13.50  13.30   3502    539    6.50
2843   亞太銀     6.50   0.00   6.50   6.50   6.40    658     98    6.71
2844   台新銀    17.20  +0.30  17.10  17.20  17.00   3757    675    5.57
2844A  新甲特    10.60   0.00  10.60  10.60  10.60     13      5    2.60
2845   遠東銀     6.25   0.00   6.25   6.35   6.20   1936    329    5.88
2847   大眾銀     5.75  -0.05   5.75   5.80   5.60   1303    183    7.12
2848   華南保    13.10  -0.10  13.20  13.50  12.65     58     32    1.81
2849   安泰銀     6.10  -0.05   6.15   6.15   6.00    411     89    4.62
2850   新產      14.50   0.00  14.50  14.60  14.20    326    169    1.93
2851   中再保     9.30  +0.15   9.25   9.30   9.15    115     39    2.95
2852   第一保    10.00   0.00  10.00  10.20   9.80     52     26    2.00
2901   欣欣      20.40  +0.30  20.10  21.20  20.10    539    132    4.08
2902   中信       1.56  -0.01   1.55   1.56   1.47   1320    184    7.17
2903   遠百      11.20  +0.05  11.15  11.20  11.00   1017    221    4.60
2904   匯僑      10.65  -0.50  10.95  10.95  10.45    710    168    4.23
2905   三商行    23.10   0.00  23.20  23.70  22.90   1919    591    3.25
2906   高林       6.85  +0.05   6.80   6.95   6.70   1874    248    7.56
2908   特力      28.00  -0.40  28.40  28.50  27.60   5457    982    5.56
2908S  特力乙     0.00   0.00   0.00   0.00   0.00      0      0    0.00
2908T  特力丙     0.00   0.00   0.00   0.00   0.00      0      0    0.00
2910   統領       0.00   0.00   0.00   0.00   0.00      0      1    0.00
2911   麗嬰房    13.10  -0.60  13.70  13.70  12.80    883    263    3.36
2912   統一超    93.00  -0.50  93.00  94.00  93.00    629    301    2.09
2913   農林       7.10   0.00   7.05   7.25   7.00   3540    736    4.81
9801   力霸       7.00  -0.10   7.00   7.10   7.00   1794    332    5.40
9902   臺火       6.05   0.00   5.90   6.25   5.90    184     50    3.68
9904   寶成      34.30  -0.10  34.80  35.30  34.00  35814   7317    4.89
9905   大華      11.10   0.00  11.30  11.40  10.90   5170    846    6.11
9906   興達       1.95  -0.05   1.95   2.00   1.91    327     73    4.48
9907   統一實     7.65  -0.35   7.90   7.95   7.60   6693   1003    6.67
9908   大台北    14.95  -0.05  14.90  15.00  14.75   1005    281    3.58
9910   豐泰      26.00  -0.30  26.50  26.80  25.80   1865    534    3.49
9911   櫻花      16.10  +0.70  15.20  16.20  15.20   6959   1675    4.15
9912   偉聯       6.25  -0.10   6.35   6.35   6.20    227     40    5.68
9914   美利達    20.40  -0.20  20.70  21.00  20.30   2919    849    3.44
9915   億豐      48.70  +0.70  48.10  49.70  48.10   2448    756    3.24
9917   中保      38.70  +0.20  38.70  39.00  38.20   1824    482    3.78
9918   欣天然    14.40   0.00  14.40  14.40  14.00    186     46    4.04
9919   康那香    14.40  -0.35  14.90  14.90  14.30   2090    443    4.72
9921   巨大      54.00   0.00  53.50  54.50  53.50   1831    564    3.25
9922   優美       4.86  +0.31   4.50   4.86   4.45    567    119    4.76
9923   鼎營      25.60  +1.60  24.20  25.60  24.20    200     67    2.99
9924   福興      23.70  -0.50  24.00  24.50  23.40   2100    570    3.68
9925   新保      27.60  -0.20  27.80  28.10  27.30    280    205    1.37
9926   新海      13.60  -0.15  13.70  13.70  13.50     24     14    1.71
9927   泰銘      19.40   0.00  19.10  19.60  19.00   1102    259    4.25
9928   中視      18.60  +0.20  18.30  18.70  18.20    992    293    3.39
9929   秋雨      26.20  -1.90  26.20  27.00  26.20   4977   1531    3.25
9930   中聯資    13.20  -0.10  13.40  13.40  13.20     30      7    4.29
9931   欣高       7.70  -0.15   7.90   7.90   7.70     15      6    2.50
9933   中鼎      17.20  +0.20  17.10  17.50  17.10   4499   1093    4.12
9934   成霖      49.30  +1.40  48.00  49.60  47.80   1455    542    2.68
9935   慶豐富    10.20  -0.15  10.25  10.25  10.10     41     14    2.93
9936   欣錩      16.30  -1.00  17.30  17.40  16.10   6747   1500    4.50
9937   全國      23.00  +0.40  23.00  23.50  22.60   3170    796    3.98
9938   百  和    41.60  +0.30  41.50  41.60  40.90   1012    357    2.83
9939   宏全      36.60  +1.10  35.70  37.00  35.30   2045    669    3.06
9101   福雷電     6.85   0.00   6.70   6.95   6.65   2665    533    5.00
0001   鴻運      10.20  -0.15  10.40  10.40  10.20     36     12    3.00
0015   富邦       7.10   0.00   7.05   7.10   7.05    325     20   16.25
0023   中小型    13.80   0.00  13.70  13.80  13.65    383     94    4.07
0025   大發       6.70   0.00   6.70   6.70   6.70    351     20   17.55
0029   富邦店     4.45  -0.03   4.46   4.46   4.42    864    104    8.31
1203   味王       6.80  -0.40   6.80   6.80   6.80      2      1    2.00
1222   源益       1.16  +0.41   1.09   1.16   1.09    145     19    7.63
1225   福懋油     4.00   0.00   3.72   4.00   3.72     21     17    1.24
1317   尚鋒       0.00   0.00   0.00   0.00   0.00      0      0    0.00
1808   國賓瓷     1.87  +0.12   1.85   1.87   1.85     59     13    4.54
2005   友力       0.80   0.00   0.80   0.85   0.80     23      4    5.75
2016   名佳利     2.10  -0.09   2.05   2.21   2.04   1589    171    9.29
2202   三富       0.34  -0.02   0.34   0.34   0.34    205     15   13.67
2519   宏福       0.15  -0.01   0.15   0.15   0.15   6324     88   71.86
2522   啟阜       0.84  +0.05   0.79   0.84   0.78    174     16   10.88
2846   中興銀     1.73  -0.13   1.86   1.88   1.73   1627    111   14.66
9913   美  式     0.00   0.00   0.00   0.00   0.00      0      0    0.00
9932   順大裕     3.10  -0.06   3.20   3.21   3.09     48     22    2.18
0592   元大20     0.05   0.00   0.05   0.05   0.05    768     24   32.00
0593   群益11     0.05   0.00   0.05   0.05   0.05     80      1   80.00
0594   寶來13     0.15  -0.10   0.20   0.20   0.15    421     32   13.16
0595   群益12     0.15  +0.05   0.15   0.15   0.10    148      8   18.50
0596   元大21     0.10   0.00   0.10   0.10   0.05    215     20   10.75
0597   中信08     1.70  -0.05   1.70   1.80   1.60   2200    242    9.09
0598   寶來14     0.25  -0.10   0.35   0.35   0.25    769     51   15.08
0599   寶來15     0.70  -0.10   0.80   0.80   0.70    325     43    7.56
0601   元富08     0.70  -0.05   0.75   0.75   0.70    281     33    8.52
0602   大華11     2.90  -0.05   2.85   2.90   2.75    184     38    4.84
0603   富邦08     1.65  -0.15   1.75   1.75   1.55    805     96    8.39
0604   元大22     0.95  -0.05   1.00   1.00   0.95    325     32   10.16
0605   元大23     8.40  +0.15   8.00   8.50   7.80   1135    354    3.21
0606   元大24     1.40  +0.05   1.35   1.45   1.35    628     57   11.02
0607   美林01    11.10  -0.20  11.40  11.40  10.80    713    229    3.11
0608   富邦09     2.65  +0.05   2.60   2.65   2.55   1084    101   10.73
0609   富邦10     5.75  +0.10   5.60   5.90   5.60    301     91    3.31
0610   建弘08     2.05   0.00   2.00   2.05   1.95    561     67    8.37
0611   寶來16     5.60  -0.05   5.65   5.80   5.60    432    130    3.32
0612   大華12     6.20   0.00   6.30   6.30   6.00    149     42    3.55
0613   大華13    21.30  -0.20  21.50  22.00  21.30     26     15    1.73
0614   倍利01    13.70  -0.30  13.90  14.00  13.30    277     79    3.51
0615   中信09     4.75  -0.25   5.05   5.05   4.75    658    170    3.87
0616   元大25    15.30  -0.50  15.50  15.50  14.80    314    181    1.73
0617   統一05    11.50  +0.30  11.25  11.50  11.10    393    156    2.52
0618   新寶01    20.60  -0.40  21.00  21.10  20.40     48     39    1.23
0619   金鼎06     8.40   0.00   8.10   8.40   7.85   1375    337    4.08
0620   寶來17     4.70  -0.05   4.90   5.00   4.65    608    136    4.47
0621   金鼎07     7.50  -0.05   7.60   8.00   7.20   3120    445    7.01
0806   國際02     5.60  +0.10   5.50   5.75   5.50    913    221    4.13
0817   富邦11     4.95  +0.05   4.90   5.05   4.90    207     48    4.31
0818   復華01    26.50  +0.80  25.70  26.80  25.70    157    110    1.43
14022  遠交一     0.00   0.00   0.00   0.00   0.00      0      0    0.00
14092  新纖二     0.00   0.00   0.00   0.00   0.00      0      0    0.00
14421  達永一     0.00   0.00   0.00   0.00   0.00      0      0    0.00
14551  集盛一   102.80  +0.40 102.50 102.80 102.50      4      4    1.00
15031  士電一     0.00   0.00   0.00   0.00   0.00      0      0    0.00
15042  東元二   131.00   0.00 131.00 131.00 131.00     20      1   20.00
15101  台安一     0.00   0.00   0.00   0.00   0.00      0      0    0.00
16021  太電一     0.00   0.00   0.00   0.00   0.00      0      0    0.00
16043  聲寶三     0.00   0.00   0.00   0.00   0.00      0      0    0.00
16051  華新一     0.00   0.00   0.00   0.00   0.00      0      0    0.00
17042  榮化二     0.00   0.00   0.00   0.00   0.00      0      0    0.00
17141  和桐一     0.00   0.00   0.00   0.00   0.00      0      0    0.00
17142  和桐二   118.10   0.00 118.10 118.10 118.10      1      1    1.00
17201  生達ㄧ     0.00   0.00   0.00   0.00   0.00      0      0    0.00
20161  名佳一     0.00   0.00   0.00   0.00   0.00      0      0    0.00
20171  嘉益一   104.20  -0.20 104.50 104.50 104.20      7      5    1.40
20281  威致一     0.00   0.00   0.00   0.00   0.00      0      0    0.00
22042  中華二   119.25  +0.25 119.25 119.25 119.25      1      1    1.00
23051  全友一     0.00   0.00   0.00   0.00   0.00      0      0    0.00
23152  神達二     0.00   0.00   0.00   0.00   0.00      0      0    0.00
23211  東訊一     0.00   0.00   0.00   0.00   0.00      0      0    0.00
23322  友訊二     0.00   0.00   0.00   0.00   0.00      0      0    0.00
23381  光罩一   118.10   0.00 118.00 118.10 118.00     20      6    3.33
23401  光磊一     0.00   0.00   0.00   0.00   0.00      0      0    0.00
23421  茂矽一     0.00   0.00   0.00   0.00   0.00      0      0    0.00
23422  茂矽二   116.70  -0.10 116.80 116.80 116.70     40      6    6.67
23432  精業二     0.00   0.00   0.00   0.00   0.00      0      0    0.00
23442  華邦二     0.00   0.00   0.00   0.00   0.00      0      0    0.00
23451  智邦一     0.00   0.00   0.00   0.00   0.00      0      0    0.00
23531  宏科一   100.50   0.00 100.50 100.50 100.50      4      3    1.33
23591  所羅一     0.00   0.00   0.00   0.00   0.00      0      0    0.00
23611  鴻友一     0.00   0.00   0.00   0.00   0.00      0      0    0.00
23641  倫飛一     0.00   0.00   0.00   0.00   0.00      0      0    0.00
23731  震旦一     0.00   0.00   0.00   0.00   0.00      0      0    0.00
24181  雅新一   115.00   0.00 115.00 115.00 115.00      7      6    1.17
24221  國聯一     0.00   0.00   0.00   0.00   0.00      0      0    0.00
24251  承啟一     0.00   0.00   0.00   0.00   0.00      0      0    0.00
25062  太設二     0.00   0.00   0.00   0.00   0.00      0      0    0.00
25121  寶建一     0.00   0.00   0.00   0.00   0.00      0      0    0.00
25142  龍邦二     0.00   0.00   0.00   0.00   0.00      0      0    0.00
25172  長谷二     0.00   0.00   0.00   0.00   0.00      0      0    0.00
25181  長億一     0.00   0.00   0.00   0.00   0.00      0      0    0.00
25221  啟阜一     0.00   0.00   0.00   0.00   0.00      0      0    0.00
25302  華建二   115.40  +1.00 115.30 115.50 115.30     11      9    1.22
25361  宏普一     0.00   0.00   0.00   0.00   0.00      0      0    0.00
25371  春池一     0.00   0.00   0.00   0.00   0.00      0      0    0.00
26091  陽明一     0.00   0.00   0.00   0.00   0.00      0      0    0.00
26101  華航一     0.00   0.00   0.00   0.00   0.00      0      0    0.00
26102  華航二     0.00   0.00   0.00   0.00   0.00      0      0    0.00
26142  遠森二     0.00   0.00   0.00   0.00   0.00      0      0    0.00
99071  統實一   119.10  +0.10 119.10 119.10 119.10    880      2  440.00
99072  統實二     0.00   0.00   0.00   0.00   0.00      0      0    0.00
99321  大裕一     0.00   0.00   0.00   0.00   0.00      0      0    0.00
4101   五鼎     104.00  -4.00 110.00 110.00 104.00    325    266    1.22
4102   永日化工  18.20  +1.10  18.20  18.20  18.20      8      8    1.00
4103   百略     132.50   0.00 132.50 132.50 132.50      1      1    1.00
4204   宏亞食品  10.25  -0.05  10.50  10.50  10.00     34     24    1.42
4205   恆義食品  13.00   0.00  13.00  13.00  13.00     11      3    3.67
4207   環泰企業  13.70  -1.00  13.70  13.70  13.70     12     10    1.20
4303   信立       3.39  -0.10   3.39   3.39   3.39      1      1    1.00
4304   琨詰科技  29.40  -0.60  29.90  29.90  29.10    213    122    1.75
4305   世坤塑膠  12.80  +0.80  12.60  12.80  12.60      8      7    1.14
4401   東隆興業   4.68  +0.01   4.60   4.68   4.60      7      6    1.17
4402   福大棉業   5.00  -0.15   5.00   5.10   5.00     18      8    2.25
4403   東榮工業   9.20  -0.65   9.20   9.20   9.20     11      3    3.67
4404   百成行     8.30  -0.05   8.30   8.55   8.30    325     88    3.69
4406   新昕纖維   4.18  -0.02   4.01   4.20   4.01     28      9    3.11
4408   聯明       0.00   0.00   0.00   0.00   0.00      0      2    0.00
4413   赤崁科技  10.90  +0.20  10.45  11.00  10.45    584    141    4.14
4414   如興      28.10  +1.00  27.50  28.90  27.50   1296    376    3.45
4415   勤龍實業  11.45  +0.15  11.10  11.45  10.80     17      9    1.89
4416   福纖實業   5.45  +0.35   5.25   5.45   5.25     53     25    2.12
4417   金洲製網   8.40  -0.05   8.50   8.50   8.30     39     15    2.60
4418   新麗企業  44.50  -0.40  44.50  45.00  43.60    101     46    2.20
4502   源恆工業  10.75  -0.20  11.00  11.00  10.65    511    113    4.52
4503   金雨企業  13.50  -0.20  12.75  13.70  12.75     39     11    3.55
4506   崇友實業  11.10  -0.20  11.00  11.25  10.90    832    135    6.16
4510   高鋒工業  25.50  +0.50  25.00  25.50  24.20    578    218    2.65
4513   福裕事業  10.00  -0.25  10.15  10.15   9.70    120     58    2.07
4515   新企      22.70  +0.30  22.10  22.70  21.90    361     81    4.46
4516   正峰工業  20.30  +0.50  19.80  20.50  19.80    359    101    3.55
4520   喬福       7.00  -0.15   6.90   7.00   6.80     86     26    3.31
4522   大寶精工  22.20  -0.60  21.30  22.20  21.30    116     79    1.47
4523   永彰機電  16.60  -0.40  16.90  16.90  16.20    177     72    2.46
4524   中宇環保  18.20  -0.80  18.00  18.60  17.70    726    252    2.88
4525   和大工業   9.85  -0.05   9.85   9.85   9.50     30     28    1.07
4526   東台精機  49.70  -0.10  49.70  50.00  49.10    151     87    1.74
4527   方土霖    19.20  +1.10  18.40  19.30  18.40     91     71    1.28
4528   江興鍛壓  14.30  -0.35  14.50  14.50  13.80     73     39    1.87
4605   萬泰電線   5.75  +0.15   5.60   5.95   5.50    499    108    4.62
4609   唐鋒實業  10.55  +0.15  10.40  10.60  10.10    116     33    3.52
4701   美吾華    17.40  -0.10  17.50  17.60  16.90    253    110    2.30
4702   中美聯合   9.90  +0.05   9.60   9.95   9.45    704    270    2.61
4703   金美克能   3.13  +0.02   2.95   3.13   2.95     44     11    4.00
4706   大恭化學  11.90  -0.70  12.10  12.60  11.80     28     15    1.87
4707   磐亞       6.25  -0.45   6.35   6.35   6.25      6      4    1.50
4710   濟生化學  24.50  -0.30  23.60  25.20  23.20    273    152    1.80
4711   永純      15.00  -0.10  14.70  15.00  14.60      8      7    1.14
4712   南璋       6.90  -0.10   6.80   7.00   6.75    123     46    2.67
4713   毛寶      19.50   0.00  19.50  19.60  19.50     34     14    2.43
4714   永捷       9.20  +0.05   9.00   9.25   9.00    117     40    2.92
4715   花仙子    10.85  -0.10  10.85  10.90  10.80     37     19    1.95
4716   大立      14.25  -0.05  14.30  14.65  13.60    126     36    3.50
4717   天泰銲材  11.85  +0.75  11.85  11.85  11.25    525    111    4.73
4718   日勝化工  30.40  -0.60  30.90  30.90  30.00    315    153    2.06
4719   杏輝藥品  19.60   0.00  19.60  19.60  18.90    249    132    1.89
4720   德淵企業  21.20  -0.30  21.40  21.40  20.10    442    207    2.14
4721   美琪瑪    17.00  -0.40  16.80  17.30  16.50    496    191    2.60
4801   景泰工業   5.00  +0.10   4.90   5.10   4.90    139     39    3.56
4901   台灣大    49.20  +0.60  48.60  49.80  48.60   3871   1565    2.47
4902   星通資訊 169.00  -4.00 170.00 175.00 165.00    911    414    2.20
5001   信元實業  38.50  +0.50  38.00  39.80  38.00     47     19    2.47
5006   高鋁金屬  12.75  -0.45  12.95  12.95  12.50    300    100    3.00
5007   三星五金   8.60  +0.10   8.40   8.60   8.40    464     49    9.47
5008   長銘實業   1.03   0.00   1.03   1.09   0.96   5136    328   15.66
5009   榮剛材料   3.75   0.00   3.68   3.80   3.68     10      6    1.67
5011   久陽螺栓   2.47  -0.02   2.42   2.47   2.39     69     20    3.45
5012   允強實業  13.95  -0.05  14.00  14.00  13.75    146     69    2.12
5013   強新工業   7.15  +0.05   7.15   7.20   7.00     51     13    3.92
5014   建錩實業  11.10  -0.25  11.50  11.50  11.10     78     32    2.44
5015   華祺工業  17.50  +0.20  17.50  17.50  17.10     82     26    3.15
5016   松和工業  11.70  -0.40  12.10  12.15  11.60    188     33    5.70
5102   富強輪胎  18.00   0.00  18.00  18.00  17.70     61     16    3.81
5201   凱衛資訊  19.90  -0.30  20.40  20.50  19.20    747    349    2.14
5202   力新國際  33.50  +1.70  34.00  34.00  32.70   1291    588    2.20
5203   訊連科技 245.00  +4.00 240.00 246.00 240.00    162    146    1.11
5204   得捷      62.50  +2.00  58.50  62.50  58.00    125     69    1.81
5301   祥裕電子  10.30  +0.25  10.15  10.40   9.55    321    118    2.72
5302   太欣半導  42.50  +0.40  41.60  43.00  41.50   1649    925    1.78
5304   大霸電子  30.90  +2.00  28.60  30.90  28.20  25369   7028    3.61
5305   敦南科技  32.80  +0.80  32.00  32.80  31.30   1426    501    2.85
5306   訊康科技  13.10  -0.05  12.80  13.20  12.50   1552    522    2.97
5307   耀文電子  29.00  -0.40  29.00  29.30  28.20   5661   1777    3.19
5309   系統電子   8.20  -0.20   8.10   8.35   8.00    360    149    2.42
5310   天剛資訊  15.30  +0.30  14.80  15.50  14.70   1032    355    2.91
5312   寶島科    17.30  -0.50  17.00  17.70  16.80    150     76    1.97
5314   民生科技  22.60  -1.60  22.60  22.60  22.60   2152    705    3.05
5315   光聯科技  14.50  +0.80  13.00  14.50  12.80   2634    783    3.36
5317   凱美電機  15.70  +1.00  14.20  15.70  14.20   5769   1408    4.10
5318   佳鼎科技  10.50  +0.40   9.90  10.50   9.70   1762    459    3.84
5321   九德電子   8.60  +0.35   8.10   8.60   7.90   1463    457    3.20
5324   華昕電子  12.50  +0.80  11.50  12.50  11.20   1535    391    3.93
5325   大騰電子  23.60  +1.50  21.90  23.60  21.10   4658   1434    3.25
5326   漢磊科技  48.60  +0.30  47.50  49.00  47.50   3061   1011    3.03
5328   華容      16.20  +1.00  15.00  16.20  14.80   2344    703    3.33
5332   旭龍精密  16.20  +0.90  14.80  16.20  14.80   1761    615    2.86
5333   佳茂精工  10.80  +0.20   9.95  10.85   9.95    502    132    3.80
5335   華新科技  67.50  +2.00  64.50  67.50  64.00   4362   1919    2.27
5336   華特電子   7.60  +0.15   7.45   7.60   7.20    625    166    3.77
5340   建榮工業  12.75  +0.65  12.00  12.80  11.85   2995    816    3.67
5344   立衛科技  14.60  +0.60  13.65  14.60  13.65    653    203    3.22
5345   天揚      32.90  +2.10  30.50  32.90  30.50   4362   1484    2.94
5346   力晶      33.50  +0.50  31.60  33.70  31.60  31461   8767    3.59
5347   世界先進  22.00  -0.30  22.00  22.00  21.50   9299   2642    3.52
5348   系通科技  12.50  -0.50  12.10  12.50  12.10    181     84    2.15
5349   先豐通訊  26.80  -0.70  27.40  27.40  26.50    289    138    2.09
5351   鈺創科技  66.50  +1.50  65.00  66.50  64.00   2430   1116    2.18
5351S  鈺創乙    65.00  -2.00  64.00  65.00  64.00     11      2    5.50
5351T  鈺創丙     0.00   0.00   0.00   0.00   0.00      0      0    0.00
5353   台林通信  35.60  +0.90  34.00  35.70  34.00    727    382    1.90
5354   憶聲電子  25.40  +1.60  25.40  25.40  24.90  20804   4093    5.08
5355   佳總興業  12.70   0.00  12.50  12.70  12.00    526    192    2.74
5356   協益電子  27.20  -0.10  27.10  28.70  27.00   4141   1579    2.62
5363   欣興      51.00   0.00  51.00  51.00  49.60   3110    667    4.66
5363U  欣興丁     0.00   0.00   0.00   0.00   0.00      0      0    0.00
5364   梅捷       8.80  +0.20   8.00   8.85   8.00   1452    390    3.72
5371   中強光電  50.00  -1.00  51.00  51.50  49.60   2569    812    3.16
5372   十美企業  17.30  +1.10  16.00  17.30  16.00   1528    470    3.25
5375   台灣慧智  23.20  +1.00  22.20  23.40  21.80   4008   1491    2.69
5376   東正元    16.30  +1.00  15.30  16.30  15.00   1116    239    4.67
5378   友立資訊  51.50  -1.00  52.00  52.00  50.50   1760    826    2.13
5379   資通電腦  41.00  -0.60  41.80  41.90  40.40    643    396    1.62
5381   合正科技  44.10  +1.20  42.10  44.10  42.10   1332    539    2.47
5383   金利      17.40  +0.90  16.10  17.40  16.00    683    248    2.75
5384   捷元      21.70  +1.40  19.50  21.70  19.50   1260    423    2.98
5385   瑩寶      17.20  +1.10  16.00  17.20  16.00   3808    943    4.04
5386   青雲電器  14.40  +0.50  14.85  14.85  13.00    869    300    2.90
5387   茂德科技  38.20  +0.10  37.20  38.20  36.50   7137   2015    3.54
5388   中磊電子  28.80  +0.70  28.50  29.00  27.50    420    237    1.77
5389   麗臺科技  44.40  -0.40  43.30  45.70  42.50   1593    643    2.48
5392   怡安科技  11.70   0.00  11.30  11.70  11.30     68     39    1.74
5393   揚智科技  73.00  +4.50  68.00  73.00  67.00   2060   1077    1.91
5394   百容電子  59.50  -1.50  60.00  60.50  58.00    316    156    2.03
5395   普揚資訊  53.00  -0.50  53.00  53.50  52.00    263    189    1.39
5396   大毅科技  80.00  +2.50  77.00  80.00  76.50   1011    613    1.65
5397   志聖工業  44.50  -1.50  44.30  45.20  43.00   1435    710    2.02
5398   力瑋實業  29.30  -1.10  29.20  30.20  28.80    183     91    2.01
5399   敦吉科技  95.00  +4.00  91.00  95.00  90.00   1041    509    2.05
5401   第三波    54.50  -0.50  55.50  55.50  53.00    653    471    1.39
5402   研揚科技  55.00   0.00  54.00  55.50  53.50    144     97    1.48
5403   中菲      40.80  -1.20  42.00  42.00  40.50    455    231    1.97
5404   智原科技 260.00 +10.00 248.00 260.00 246.00   1026    642    1.60
5405   瑞軒科技  44.00  +0.70  43.80  44.30  43.10   2549   1105    2.31
5406   思源     175.00   0.00 175.00 176.00 173.00    197    132    1.49
5407   品佳      55.00  -0.50  55.00  55.50  53.00    896    482    1.86
5408   可成科技  74.50  +4.50  70.00  74.50  69.00   3388   1132    2.99
5409   兆赫電子  78.00  +1.00  76.50  78.50  76.00   1107    613    1.81
5410   國眾電腦  12.50  +0.50  11.70  12.50  11.25   1111    357    3.11
5411   希華      90.00  -1.50  90.50  91.00  89.00   1143    548    2.09
5412   華經      37.10  +1.00  36.30  37.70  35.30   2452   1043    2.35
5413   皇統光碟  39.00  -1.40  39.60  39.70  38.50   3231   1336    2.42
5414   磐英科技  37.30  -1.70  39.00  39.00  37.20    761    385    1.98
5415   飛宏企業  66.50  +2.50  64.00  66.50  64.00   4706   2193    2.15
5416   建通精密  34.30  +0.10  33.70  35.90  33.40   1112    564    1.97
5417   光群雷射  52.00   0.00  51.00  53.00  49.90   2579    945    2.73
5418   敦陽科技 251.00  +7.00 243.00 252.00 241.00   1140    753    1.51
5418R  敦陽甲     0.00   0.00   0.00   0.00   0.00      0      0    0.00
5419   連宇      32.50  +2.10  30.00  32.50  28.60   1519    579    2.62
5420   冠西電子  43.60  +2.80  41.50  43.60  40.60   1780    830    2.14
5421   盛達電業  86.50  +2.00  83.00  86.50  82.50    345    222    1.55
5422   強茂      75.50  +2.00  72.50  76.00  72.00    796    479    1.66
5423   禾伸堂   293.00 +12.00 281.00 293.00 281.00   1987   1424    1.40
5424   零壹科技  47.80  -1.10  48.90  48.90  47.10    374    257    1.46
5425   台半      21.90  +1.40  20.10  21.90  20.00   2546    896    2.84
5426   振發實業  66.00  -1.00  67.00  68.00  64.50   1685    640    2.63
5427   美隆電    99.00  +1.00  98.00  99.00  96.50    655    449    1.46
5428   訊碟      77.50  +1.00  76.50  78.00  76.00   1461    870    1.68
5429   和立聯合  33.80  +0.30  33.50  34.00  32.70   1099    433    2.54
5430   華映      21.60  -0.10  21.30  21.90  21.30   4351   1261    3.45
5431   一詮精密  30.50  -0.30  30.30  30.50  29.50    480    217    2.21
5432   達威光電  17.40  -0.10  17.10  17.40  16.70   1420    507    2.80
5433   義隆電子  92.00  -0.50  91.50  93.00  91.00   1550    557    2.78
5434   崇越科技 212.00  +2.00 210.00 213.00 208.00    424    408    1.04
5435   立隆電子  90.00  +0.50  88.00  91.00  88.00    337    176    1.91
5436   立生      20.50  -0.30  19.40  21.50  19.40   3988   1148    3.47
5437   力信興業  49.40  -1.60  48.90  50.50  47.80   1657    872    1.90
5438   東友      28.00  +1.40  25.30  28.40  25.30   1844    612    3.01
5439   高技企業  29.00  +1.00  28.00  29.00  27.50    630    138    4.57
5440   漢平      59.00  +2.00  56.50  59.00  56.00   1412    592    2.39
5441   聯友光電  28.90  +1.00  27.50  29.00  27.10  18428   4034    4.57
5442   世峰      28.50  -0.10  28.60  29.00  28.10   1090    519    2.10
5443   均豪精密  30.10  +0.70  29.40  30.50  29.10    789    382    2.07
5444   鉅祥企業  70.00  +1.50  68.50  70.50  68.50    350    233    1.50
5445   盟立      32.20  -0.10  31.60  32.20  31.20   1027    392    2.62
5446   良得電子  16.70  -0.10  17.00  17.00  15.80    325    165    1.97
5447   建     122.50  +2.50 120.00 123.00 118.50    911    576    1.58
5448   維迪      55.00  -1.00  56.50  56.50  53.50    208    109    1.91
5449   今皓實業  40.50  +2.60  37.00  40.50  37.00   1879    709    2.65
5450   寶聯電腦  62.00  +1.00  60.00  62.00  60.00   1963    860    2.28
5451   奇普仕    58.50  +0.50  58.50  59.00  57.50    297    182    1.63
5452   佶優      39.00  -0.10  39.00  39.20  38.20    318    193    1.65
5453   華立企業  93.50  +1.00  98.50  98.50  91.00    818    469    1.74
5455   訊利電業  35.00  +0.70  34.30  35.00  34.10    475    277    1.71
5456   同開科技  29.00  +0.20  28.20  29.50  27.80    191     94    2.03
5457   宣得      51.50  +0.50  50.00  54.00  50.00    798    381    2.09
5458   衛道科技 231.00  +9.00 222.00 232.00 220.00    735    561    1.31
5459   文曄科技  78.00  -1.50  80.50  80.50  78.00    331    200    1.65
5460   同協電子  59.50  +2.50  56.50  59.50  56.00    559    266    2.10
5461   增你強    80.00  +0.50  78.50  80.00  76.00    574    323    1.78
5462   亞洲光學 290.00 +10.00 278.00 290.00 275.00    503    378    1.33
5463   威健實業  82.50  -2.00  83.50  83.50  82.00    388    262    1.48
5464   霖宏科技  43.30  +0.30  42.60  43.50  42.60     44     40    1.10
5465   富驊企業  37.80  +2.40  33.70  37.80  33.60   2427    919    2.64
5466   泰林科技  29.10  -0.40  29.40  29.40  28.60    407    231    1.76
5467   聯瞻科技  26.20  +0.60  25.60  26.70  25.20    308    150    2.05
5468   台晶      49.00  +3.20  46.50  49.00  46.50   4696   1882    2.50
5469   瀚宇博德  28.90  +0.40  28.00  30.20  28.00   1217    509    2.39
5470   健鼎科技  46.00  +3.00  44.90  46.00  44.50   3447    991    3.48
5471   松翰科技 196.00  +4.00 190.00 196.00 188.00   1078    810    1.33
5472   台灣晶技  86.50  +3.00  88.50  88.50  83.50  14573   6992    2.08
5473   矽成     126.00  +2.00 124.00 128.50 123.00   4317   2645    1.63
5474   聰泰科技  18.60  +1.20  18.60  18.60  18.60     18      9    2.00
5475   德宏工業  71.50  +1.50  70.00  71.50  69.50    634    348    1.82
5476   科風      67.00   0.00  67.00  67.00  67.00      1      1    1.00
5477   遠見科技 154.00  +2.00 152.00 155.00 150.00    419    339    1.24
5478   智冠     107.00   0.00 107.00 107.00 107.00      1      1    1.00
5479   宏傳      22.30  +1.10  21.20  22.60  20.80   3115   1081    2.88
5482   訊舟科技  35.00  +2.20  35.00  35.00  35.00     13     15    0.87
5483   中美晶    23.40  +0.70  22.30  23.40  22.20   2630   1030    2.55
5484   慧友電子  62.00  +1.50  64.50  64.50  61.00   2140   1664    1.29
5487   通泰      72.00  +1.50  73.00  73.00  70.00    310    180    1.72
5488   松普科技  70.00  -1.00  71.00  71.00  69.00    624    233    2.68
5489   彩富電子  27.90  +0.90  26.30  28.50  26.30    499    257    1.94
5491   連展科技  70.50  +4.50  70.50  70.50  68.00   3252   2280    1.43
5492   亞智科技  40.00  -2.60  41.50  42.00  39.70   1373    912    1.51
5495   佰鴻工業  33.50  +1.40  34.30  34.30  32.10   3728   3300    1.13
5496   德律科技  68.00  +4.00  68.00  68.00  68.00      8      8    1.00
5498   凱崴      44.90   0.00  44.90  44.90  44.90      1      1    1.00
5501   大大建設  13.60  +0.85  13.60  13.60  13.60     20     23    0.87
5502   龍田建設   1.42  -0.05   1.40   1.43   1.37    770     72   10.69
5503   榮美開發   1.33  -0.03   1.31   1.37   1.28   1264    125   10.11
5505   和旺建設  10.45  -0.75  10.45  10.45  10.45    179     39    4.59
5506   長鴻營造   6.90  -0.10   6.70   6.95   6.60     14      6    2.33
5508   永信建設  12.90  +0.65  12.90  12.90  12.90     11      2    5.50
5511   德昌建設   5.95  +0.35   5.95   5.95   5.95      8      4    2.00
5512   力麒建設   6.15  -0.10   6.20   6.30   6.15    158     43    3.67
5513   德利開發  16.20  -0.20  16.30  16.30  16.00   1952    480    4.07
5514   三豐建設   5.10   0.00   5.10   5.20   5.00    549     70    7.84
5515   建國工程   6.20   0.00   6.10   6.20   6.10      3      2    1.50
5516   雙喜      12.00  +0.60  12.00  12.00  12.00      7      4    1.75
5518   大日開發  13.95  +0.60  13.30  14.20  13.25   1795    427    4.20
5519   隆大營造   7.50   0.00   7.55   7.55   7.40      7      8    0.88
5520   力泰建設  15.90  -0.10  16.10  16.10  15.20      4      4    1.00
5521   工信       3.24  +0.09   3.22   3.24   3.15     34     17    2.00
5522   大都市    36.50   0.00  36.30  36.50  36.00     20     10    2.00
5523   宏都建設   2.20  -0.10   2.30   2.30   2.20    188     26    7.23
5524   全友建設   2.00  +0.05   2.00   2.00   1.85    420     90    4.67
5525   順天建設  13.20  -0.30  13.50  13.50  13.20     13      4    3.25
5526   昆泰營造   1.11  -0.08   1.11   1.11   1.11    726     96    7.56
5527   華固建設  26.00  -0.10  26.30  26.30  26.00    250    102    2.45
5528   廣大興業  15.50   0.00  15.70  15.90  15.50    144     31    4.65
5529   訊嘉科技   7.20  +0.45   7.20   7.20   7.20    104     38    2.74
5530   大漢建設   4.58  -0.01   4.53   4.58   4.50     20     10    2.00
5601   台聯貨櫃   8.60  -0.40   8.70   8.70   8.60     35      6    5.83
5602   長榮貨櫃  11.55  -0.10  11.45  11.55  11.40      9     12    0.75
5603   陸海交通   7.45   0.00   7.45   7.45   7.45     10     10    1.00
5604   中連貨運   0.00   0.00   0.00   0.00   0.00      0      0    0.00
5605   遠東航空  11.80  +0.20  11.60  11.85  11.55    194     64    3.03
5606   長榮航空  12.90  +0.10  12.80  12.90  12.65   1009    281    3.59
5607   遠翔空儲  31.20  +0.70  31.20  31.20  31.20      1      2    0.50
5701   劍湖山    14.95  -0.15  15.10  15.10  14.70    171     69    2.48
5702   統合開發  19.00  -0.20  19.20  19.20  18.70     29     18    1.61
5703   亞都麗緻  19.40  +0.30  19.40  19.40  19.40      1      3    0.33
5704   老爺知     0.00   0.00   0.00   0.00   0.00      0     12    0.00
5705   好樂迪    38.30  -0.10  38.30  38.70  38.00   1088    466    2.33
5801   建弘投信  47.70  -0.40  48.00  48.30  47.50     99     65    1.52
5810   泛亞銀行   3.56  -0.05   3.59   3.63   3.55    821    216    3.80
5817   寶島銀行   4.29  -0.01   4.35   4.35   4.22    490    116    4.22
5818   華僑銀行   3.39  -0.01   3.35   3.41   3.35   1707    161   10.60
5819   玉山票券   8.20   0.00   8.20   8.30   8.15     67     25    2.68
5901   中友百貨   2.39  +0.04   2.40   2.40   2.35    193     19   10.16
5902   德記洋行  11.30  +0.20  11.20  11.35  11.00     22      6    3.67
6001   建弘證券  13.80  +0.40  13.30  13.80  13.05   5835   1144    5.10
6002   台育證券   7.00  +0.25   6.60   7.00   6.50    876    218    4.02
6003   大華證券  17.60  +1.10  17.60  17.60  16.60  17052   3215    5.30
6004   元大證券  28.60  +0.10  28.50  28.70  28.00  10867   1922    5.65
6005   群益證券  20.80  +0.60  20.30  20.90  19.80   8316   1581    5.26
6006   元富證券  16.70  +1.00  15.80  16.70  15.50  18402   2762    6.66
6007   富邦證券  17.80  -0.10  17.80  17.90  17.50   1942    297    6.54
6008   中信證券  13.45  +0.35  13.00  13.45  12.80   2879    571    5.04
6009   永昌證券  13.00  +0.10  12.90  13.05  12.80    763    161    4.74
6010   台証證券  14.55  +0.10  14.20  14.65  14.10   1842    517    3.56
6011   寶來證券  17.20  +0.40  16.90  17.20  16.50   3972   1087    3.65
6012   金鼎證券   8.25  +0.50   8.10   8.25   7.75   6063   1036    5.85
6014   日盛證券  19.40  +0.40  19.00  19.50  18.60   3668   1066    3.44
6015   大信證券   5.20  +0.05   5.00   5.40   4.90   2719    513    5.30
6016   康和證券  10.90  +0.65  10.20  10.90  10.00   4300    801    5.37
6017   亞洲證券   5.20  +0.20   4.90   5.20   4.85   1130    224    5.04
6018   新寶証券   6.55  +0.20   6.30   6.65   6.20   1188    257    4.62
6019   統一證券  10.95  +0.70  10.25  10.95   9.80  11919   1711    6.97
6101   弘捷      21.40   0.00  21.40  21.40  21.40      1      1    1.00
8905   裕國       8.10  +0.05   8.10   8.10   8.10      3      4    0.75
8906   花王企業   6.20  -0.10   6.15   6.20   6.15      5      9    0.56
8908   欣雄       4.01  -0.03   4.09   4.09   4.01     59     11    5.36
8910   五洲製革   0.38  -0.02   0.38   0.38   0.38    162     10   16.20
8913   華夏租賃   2.38  -0.03   2.45   2.45   2.25     20     11    1.82
8916   光隆      15.00  +0.05  15.30  15.30  14.65     23     16    1.44
8917   欣泰      19.40  +1.20  19.40  19.40  19.40      1      1    1.00
8920   信義房屋  16.90  -0.80  17.50  17.50  16.80     92     38    2.42
8921   沈氏印刷  12.50  +0.50  11.90  12.75  11.90    113     33    3.42
8922   裕融      50.50  +1.60  49.90  50.50  49.00    683    276    2.47
8923   時報出版  28.30  -0.40  28.80  29.00  28.30    114     58    1.97
8924   大田精密  92.00  +4.00  88.00  93.00  88.00   1951    769    2.54
8925   偉盟工業  18.20  -0.60  18.70  18.80  18.20     23     13    1.77
8926   台汽電    15.10  -0.10  15.10  15.30  14.90    530    143    3.71
8927   北基加油  13.85  +0.90  13.00  13.85  12.85   1696    295    5.75
8928   鉅明      46.00  +0.80  45.50  47.00  45.10   1319    647    2.04
8929   富堡工業   9.40  +0.10   9.30   9.40   9.00      8      4    2.00
8930   青鋼金屬  11.80  -0.05  11.65  11.80  11.65     52     15    3.47
8932   宏大      13.90   0.00  13.90  13.90  13.90      2      2    1.00
8933   愛地雅    15.40  +1.00  15.40  15.40  15.40    142    139    1.02
6401   助群營造   8.05  +0.50   7.20   8.05   7.20      7      5    1.40
6402   基泰營造  10.05  +0.25   9.90  10.05   9.90     25      4    6.25
6501   炎洲      21.50  +0.30  21.20  22.10  20.60     20      9    2.22
6502   國隆纖維   0.00   0.00   0.00   0.00   0.00      0      0    0.00
8001   關貿網路  25.40  -0.90  25.00  25.50  24.80     90     45    2.00
8002   資訊傳真  17.40  -0.40  17.40  17.40  17.40      2      1    2.00
8003   晶磊      51.00   0.00  51.00  51.00  51.00     16     12    1.33
8004   擎邦國際  17.50   0.00  17.50  17.50  17.50      1      1    1.00
8005   柏承科技  85.00  +4.50  80.50  86.00  80.50     19      8    2.38
8006   歐格電子  36.80   0.00  36.50  36.80  36.50     24     12    2.00
8007   商合行    19.00  +0.50  18.30  19.00  17.50     28     10    2.80
8009   昱昕電子  20.70  -0.20  19.50  20.70  19.50      3      3    1.00
8010   益和      23.60  -0.10  23.50  23.70  23.00     14     10    1.40
8011   台通      22.80  +1.40  22.80  22.80  22.80      4      3    1.33
8301   博登      13.65  -0.05  13.60  13.65  13.60      2      2    1.00
8701   正豐化學   0.85   0.00   0.85   0.90   0.85     24      7    3.43
8703   新泰伸    10.10  +0.10  10.00  10.20   9.90     32      8    4.00
8705   東隆五金   8.45  +0.55   8.45   8.45   8.45      1      4    0.25
8707   中精機     1.43  +0.09   1.43   1.43   1.43    598     44   13.59
8708   大中鋼鐵   1.74  +0.06   1.75   1.75   1.70    195     20    9.75
8710   易欣工程   0.29  +0.01   0.27   0.29   0.27   1426     25   57.04
8712   國產汽車   0.20  +0.01   0.20   0.20   0.20   1448     24   60.33
8713   延穎       0.45  +0.02   0.40   0.45   0.40     16      4    4.00
8717   瑞圓纖維   0.70  -0.05   0.70   0.70   0.70      1      1    1.00
8718   工礦       1.32  +0.07   1.25   1.33   1.17     44     19    2.32

--
◆ Origin: ^[[31;1m二^[[33;1m三^[[32;1m子^[[0m (140.113.124.116)※ 我來自:[兩參證券交易所]   