091/01/16 收盤價(僅供參考)
  大盤指數    5615.29  5645.40  5488.33  5488.33 ▼104.41 1168.42億
  櫃檯指數     139.11   139.15   136.03   136.39   ▼2.72  179.69億

   股票名稱     開盤價   最高價   最低價   收盤價     漲跌  成交量   明漲停   明跌停
  0001   鴻運     7.75     7.80     7.75     7.80   △0.10     32     8.30     7.30
  0015   富邦     6.40     6.50     6.30     6.30   ▼0.15    589     6.75     5.85
  0023 中小型    12.90    12.95    12.80    12.80   ▼0.10   5854    13.70    11.90
  0025   大發     7.25     7.25     7.25     7.25   ▼0.05      1     7.75     6.75
  0029 富邦店     4.52     4.55     4.50     4.50   ▼0.03   8231     4.81     4.19
  0030   富鼎                                0.00                     0.00     0.00
  0612 大華12     0.20     0.25     0.15     0.20   △0.05   3199     0.21     0.19
  0613 大華13     0.15     0.80     0.15     0.30   △0.10   5844     0.31     0.29
  0614 倍利01     9.20     9.60     7.00     7.20   ▼1.40    881     7.80     6.60
  0615 中信09     0.15     0.20     0.15     0.15   ▼0.05   1057     0.16     0.14
  0616 元大25    18.00    18.00    16.50    16.50   ▼1.90    113    17.70    15.30
  0617 統一05     0.25     0.25     0.20     0.25             658     0.26     0.24
  0618 新寶01     0.35     0.35     0.25     0.30   ▼0.05    369     0.32     0.28
  0619 金鼎06    19.60    19.60    15.20    15.40   ▼3.70    903    16.70    14.10
  0620 寶來17     0.40     0.45     0.35     0.40            1202     0.42     0.38
  0621 金鼎07     2.30     2.40     2.15     2.25   △0.10   2367     2.40     2.10
  0622 美林02    26.00    26.40    24.00    24.40   ▼1.60    188    26.20    22.60
  0623 美林03     1.20     1.25     1.10     1.15   ▼0.05   1125     1.23     1.07
  0624 統一06     1.25     1.25     1.10     1.10   ▼0.15    742     1.18     1.02
  0625 永昌01     6.50     6.55     5.70     5.80   ▼0.25   1164     6.20     5.40
  0626 建弘09     4.10     4.10     3.50     3.75   ▼0.55   2043     4.05     3.45
  0627 元大26     1.05     1.20     1.05     1.10   △0.05   1469     1.17     1.03
  0628 華信01     2.45     2.55     2.30     2.30   ▼0.15    740     2.47     2.13
  0630 日盛09     2.80     2.85     2.40     2.40   ▼0.40   1843     2.59     2.21
  0631 元大27     6.20     6.70     5.60     5.70   ▼0.50   1220     6.10     5.30
  0632 倍利02     3.15     3.20     3.00     3.10   ▼0.05    841     3.32     2.88
  0633 日盛10    16.20    17.80    15.30    16.40   △0.60   1034    17.50    15.30
  0634 元大28     2.00     2.10     1.90     1.90   ▼0.10    900     2.04     1.76
  0635 元大29     2.50     2.50     2.20     2.25   ▼0.15   1861     2.41     2.09
  0636 元富09     3.05     3.10     2.90     2.90   ▼0.10    325     3.11     2.69
  0637 元大30     2.70     2.80     2.40     2.45   ▼0.25   2598     2.63     2.27
  0638 元大31     8.40     8.75     7.80     7.80   ▼0.40   1507     8.35     7.25
  0639 寶來18    18.00    18.50    16.60    16.60   ▼0.70    244    17.80    15.40
  0640 元大32     4.00     4.20     3.90     3.90   △0.05    670     4.16     3.64
  0641 元大33    27.60    28.00    26.10    26.80   ▼0.50    228    28.70    24.90
  0642 元大34     3.80     4.00     3.70     3.80   △0.10    653     4.05     3.55
  0643 寶來19     3.90     4.05     3.80     3.95   △0.20   1516     4.21     3.69
  0644 統一08    19.60    20.00    18.20    18.20   ▼1.10    181    19.50    16.90
  0645 統一09     2.55     2.55     2.35     2.40   ▼0.15   1465     2.57     2.23
  0646 台證02     7.80     8.35     7.40     7.40   ▼0.40    610     7.90     6.90
  0647 元大35    59.00    60.00    56.00    58.00             103    62.00    54.00
  0648 統一10     5.80     5.85     5.30     5.50   ▼0.20   1226     5.85     5.15
  0649 群益13     5.80     5.80     5.30     5.30   ▼0.20   1005     5.65     4.92
  0650 統一11     2.00     2.05     1.85     1.90   ▼0.05    821     2.03     1.77
  0651 群益14     7.00     7.30     6.90     6.90   ▼0.10    657     7.35     6.45
  0652 建弘10                                0.00                     0.00     0.00
  0653 大華14    13.60    13.60    11.90    12.00   ▼1.60    809    12.95    11.05
  0654 寶來20     6.40     6.65     5.85     5.85   ▼0.45   1613     6.25     5.45
  0655 美林04    11.55    11.80    11.20    11.20   ▼0.60    923    12.00    10.40
  0656 元大36    21.60    22.70    20.20    20.20   ▼1.40    507    21.70    18.70
  0657 群益15    10.50    10.50     8.65     8.80   ▼1.85    885     9.50     8.10
  0658 大華15     2.10     2.15     2.00     2.00   ▼0.05    850     2.14     1.86
  0659 日盛11     2.80     3.05     2.60     2.65   ▼0.25   2067     2.85     2.45
  0660 元大37     4.75     4.90     4.30     4.40   ▼0.10   1827     4.71     4.09
  0661 日盛12    20.00    20.10    19.00    20.00   ▼0.40    547    21.40    18.60
  0662 寶來21     3.70     3.85     3.65     3.75   △0.05   1251     4.00     3.50
  0663 日盛13     2.50     2.55     2.35     2.35   ▼0.10   1115     2.52     2.18
  0664 日盛14    39.00    39.00    36.30    36.70   ▼1.80     81    39.30    34.10
  0665 富邦12     5.80     6.00     5.50     5.75   ▼0.05    935     6.15     5.35
  0666 寶來22     8.50     8.95     7.80     7.90   ▼0.65   1710     8.45     7.35
  0667 元大38    12.00    12.10    11.00    11.10   ▼0.90   1089    11.90    10.30
  0668 中信10     9.20     9.20     7.50     7.55   ▼1.55   2327     8.15     6.95
  0669 中信11     3.70     3.75     3.35     3.35   ▼0.10   1218     3.59     3.11
  0670 統一12     5.50     5.50     4.70     4.80   ▼0.20   1375     5.15     4.45
  0671 統一13     2.30     2.40     2.30     2.35   △0.05    553     2.51     2.19
  0672 日盛15     2.80     2.90     2.70     2.70   ▼0.10   1151     2.89     2.51
  0673 日盛16    20.00    20.40    20.00    20.10   ▼0.40    292    21.50    18.70
  0674 統一14     4.60     4.75     3.95     4.50   ▼0.15  11990     4.82     4.18
  0817 富邦11     0.25     0.25     0.20     0.25             934     0.26     0.24
  0818 復華01     1.20     1.50     1.00     1.05   ▼0.15   1327     1.13     0.97
  0819 統一07     2.70     2.80     2.50     2.65             394     2.83     2.47
  1101   台泥     8.45     8.70     8.35     8.35   ▼0.05   6273     8.90     7.80
  1102   亞泥     9.95     9.95     9.55     9.55   ▼0.40   2290    10.20     8.90
  1103   嘉泥     7.50     7.60     7.40     7.60   △0.10    302     8.10     7.10
  1104   環泥     5.80     5.95     5.80     5.80   ▼0.05    109     6.20     5.40
  1107   建台     0.83     0.88    -0.82    -0.82   ▼0.06   8029     0.88     0.76
  1108   幸福     2.91     2.99     2.90     2.96   ▼0.03     51     3.16     2.76
  1109   信大     9.80    10.00     9.70     9.70   ▼0.40     29    10.40     9.00
  1110   東泥     5.35     5.35     5.20     5.25   ▼0.20     90     5.60     4.87
  1201   味全     6.05     6.20     5.80     6.10   △0.05   6897     6.50     5.70
  1203   味王                                0.00                     0.00     0.00
  1204   津津     6.70     6.70    -6.35     6.45   ▼0.35    292     6.90     6.00
  1207 嘉食化     4.04     4.26     3.95     4.26   △0.22    551     4.54     3.98
  1210   大成     8.85     8.90     8.80     8.80             775     9.40     8.20
  1212   中日     2.78     2.91     2.75     2.84   △0.06    105     3.03     2.65
  1213 大西洋    10.50    10.50    10.50    10.50   △0.20      2    11.20     9.80
  1214   尚德                                0.00                     0.00     0.00
  1215   卜蜂     6.10     6.20     6.00     6.05   ▼0.05    608     6.45     5.65
  1216   統一    11.80    12.20    11.80    12.15   △0.35  11377    12.95    11.35
  1217 愛之味     5.20     5.20     5.10     5.10   △0.05    333     5.45     4.75
  1218   泰山     4.15     4.20     4.05     4.08   ▼0.07    523     4.37     3.79
  1219   福壽     4.56     4.62     4.55     4.62   △0.07    409     4.93     4.31
  1220   台榮     5.50     5.70     5.50     5.70   ▼0.10      5     6.10     5.30
  1221   久津    26.00    26.00   -24.10    24.50   ▼1.40  10505    26.30    22.70
  1222   源益    -0.57    -0.57    -0.57    -0.57   ▼0.04      2     0.61     0.53
  1224   惠勝                                4.13                     4.41     3.99
  1225 福懋油     3.25     3.45     3.25     3.38   ▼0.07     60     3.62     3.14
  1226   立大     1.01    +1.08     1.01     1.02   △0.01    138     1.09     0.95
  1227   佳格     7.40     7.50     7.40     7.45   △0.05    301     7.95     6.95
  1228   台芳     3.70    +3.87    -3.37    +3.87   △0.25     11     4.12     3.62
  1229   聯華     7.40    +7.90     7.40     7.70   △0.30   2918     8.20     7.20
  1231 聯華食    15.80    16.20    15.70    15.90   △0.10   1914    17.00    14.80
  1232 大統益    14.90    14.90    14.80    14.80   ▼0.15     82    15.80    13.80
  1233   天仁    11.80    12.00    11.80    12.00   △0.10     31    12.80    11.20
  1234   黑松    11.20    11.60    11.20    11.30   △0.05    441    12.05    10.55
  1235   興泰    14.90    15.00    14.80    14.80   ▼0.10    297    15.80    13.80
  1236   宏亞     7.50     7.95     7.05     7.30   ▼0.20    286     7.80     6.80
  1301   臺塑    34.50    35.20    34.50    35.00   △0.60  12996    37.40    32.60
  1303   南亞    27.90    28.00    27.00    27.10   ▼0.50  10676    29.00    25.20
  1304   台聚     7.90     8.00     7.55     7.60   ▼0.10  11697     8.10     7.10
  1305   華夏     5.30    +5.35     5.10    +5.35   △0.35  11793     5.70     5.00
  1306   合發    22.00    22.50    21.00    21.20   ▼1.00    736    22.70    19.70
  1307   三芳     9.80    10.00     9.70     9.75   ▼0.05    247    10.40     9.10
  1308   亞聚    13.25    13.40    12.50    12.90   ▼0.05   5213    13.80    12.00
  1309 臺達化    10.95    11.00    10.60    10.60            7642    11.30     9.90
  1310   台苯    19.80    20.10    18.60    19.30   ▼0.20  14245    20.60    18.00
  1311   福聚    23.80    24.20    22.50    22.50   ▼1.30   4058    24.10    20.90
  1312   國喬     8.10     8.40     8.00     8.00   △0.05  14905     8.55     7.45
  1313   聯成     6.10     6.40     6.00     6.05   ▼0.05   7950     6.45     5.65
  1314 中石化     3.24    +3.39     3.17     3.35   △0.18  26207     3.57     3.13
  1315   達新     7.25     7.35     7.20     7.25             204     7.75     6.75
  1316   上曜     2.24     2.28     2.07     2.07   ▼0.11    755     2.22     1.92
  1319   東陽    14.40    14.40    14.10    14.10   ▼0.15    155    15.00    13.15
  1321   大洋     6.10     6.20     5.90     6.20   △0.10      9     6.60     5.80
  1323   永裕     6.85     7.10     6.80     7.10   ▼0.10     81     7.60     6.60
  1324   地球    11.60    11.70    11.05    11.05   ▼0.65    509    11.85    10.25
  1325   恆大     8.80     9.00     8.80     8.95   △0.10     21     9.55     8.35
  1402   遠紡    12.60    12.80    12.30    12.35   ▼0.25  11075    13.20    11.50
  1407   華隆     0.98     1.00     0.97     0.97            6485     1.03     0.91
  1408   中紡     0.96     1.00     0.95     0.97            1470     1.03     0.91
  1409   新纖     2.80     2.85     2.75     2.75   ▼0.05   1943     2.94     2.56
  1410   南染    +6.70    +6.70    +6.70    +6.70   △0.40    620     7.10     6.30
  1413   宏洲     1.60     1.72     1.60     1.72   △0.02    245     1.83     1.61
  1414   東和     1.43     1.55     1.43     1.46   ▼0.04    678     1.56     1.36
  1416   廣豐     2.93    +3.13     2.93    +3.13   △0.20  16849     3.33     2.93
  1417   嘉裕     3.72     3.82     3.72     3.78             702     4.04     3.52
  1418   東華     4.02     4.02     3.92     3.95   ▼0.05    606     4.23     3.67
  1419   新紡    13.30    13.80    13.30    13.50   △0.30   1549    14.40    12.60
  1420   潤泰    17.20    17.40    17.00    17.40             727    18.60    16.20
  1422   民興     0.48     0.48    -0.43    -0.43   ▼0.03    251     0.46     0.40
  1423   利華     6.15     6.20     5.80     5.80   ▼0.25   1570     6.20     5.40
  1431   新燕    +0.29    +0.29    -0.27     0.28             376     0.29     0.27
  1432 大魯閣     7.00     7.00     6.70     6.75   ▼0.20     23     7.20     6.30
  1433   臺化    25.50    25.80    24.80    24.80   ▼0.90   7574    26.50    23.10
  1434   福懋    12.50    12.80    12.15    12.30            6032    13.15    11.45
  1435   中福    11.20    11.20    11.00    11.20              37    11.95    10.45
  1436   福益     4.61     4.69     4.61     4.62   ▼0.13     93     4.95     4.29
  1437   勤益     6.40    +6.60     6.30    +6.60   △0.40   1113     7.00     6.20
  1438   裕豐                                0.87                     0.93     0.84
  1439   中和    13.00    13.65    12.80    13.35   △0.35     88    14.25    12.45
  1440   南紡     3.80     3.95     3.76     3.78   ▼0.22   5688     4.06     3.50
  1441   大東     2.27     2.40     2.27     2.36   ▼0.06    326     2.52     2.20
  1442   名軒    +2.46    +2.46    +2.46    +2.46   △0.16     65     2.62     2.30
  1443   立益     2.54     2.62     2.45     2.55   △0.03    625     2.72     2.38
  1444   力麗     4.10     4.30     4.10     4.23   △0.03   2125     4.52     3.94
  1445   大宇     5.60     5.80     5.40     5.65             146     6.00     5.30
  1446   宏和     3.97    +4.24     3.92    +4.24   △0.27   3562     4.51     3.97
  1447   力鵬     3.62     3.78     3.62     3.69   △0.07    785     3.94     3.44
  1449   佳和     3.02     3.02     2.88     2.88   ▼0.05    108     3.08     2.68
  1450   新藝    -1.47     1.55    -1.47    -1.47   ▼0.11   3564     1.58     1.36
  1451   年興    22.50    22.60    22.00    22.00   ▼0.40   2070    23.50    20.50
  1452   宏益     6.30     6.30     6.05     6.10   ▼0.30    985     6.50     5.70
  1453   大將     8.90     9.00     8.70     8.90   ▼0.10   1374     9.50     8.30
  1454   台富     6.00     6.00     5.75     5.80   ▼0.20     49     6.20     5.40
  1455   集盛     6.30     6.45     6.05     6.10   ▼0.20   2715     6.50     5.70
  1456   怡華     5.45     5.45     5.35     5.45   ▼0.05      8     5.80     5.10
  1457   宜進     4.77     5.00     4.70     4.78   △0.02   5311     5.10     4.45
  1458   嘉畜     0.86     0.90     0.86     0.89   ▼0.01    185     0.95     0.83
  1459   聯發     9.25     9.40     9.05     9.15   ▼0.10    721     9.75     8.55
  1460   宏遠     7.55     7.60     7.40     7.60   ▼0.10    259     8.10     7.10
  1462   東雲     0.77     0.81     0.76     0.80   △0.01   5504     0.85     0.75
  1463   強盛     4.25     4.30     4.25     4.27   △0.03     67     4.56     3.98
  1464   得力     7.80     8.30     7.55     7.70   ▼0.30   2078     8.25     7.15
  1465   偉全    11.55    11.80    11.35    11.40   ▼0.15    594    12.20    10.60
  1466   聚隆     0.75     0.78    -0.73    -0.73   ▼0.05   1655     0.78     0.68
  1467   南緯    13.40    13.45    13.35    13.35   ▼0.10    170    14.25    12.45
  1468   昶和    12.60    12.80    12.60    12.65   ▼0.05    115    13.50    11.80
  1469   理隆                               21.80                    23.30    21.10
  1470 大統染                                7.90                     8.45     7.65
  1471   首利     3.28     3.39     3.21     3.38   ▼0.02     76     3.61     3.15
  1472 三洋纖     7.60     7.70     7.60     7.70   △0.20     34     8.20     7.20
  1473   台南    40.50    40.50    39.80    40.00   ▼0.30    896    42.80    37.20
  1474   弘裕    12.00    12.10    11.70    11.80   ▼0.10    877    12.60    11.00
  1475   本盟    26.00    26.00    24.50    24.50   ▼0.50     64    26.20    22.80
  1476   儒鴻     8.50     8.70     8.50     8.70              56     9.30     8.10
  1503   士電    16.30    17.00    16.20    16.40   △0.10   4351    17.50    15.30
  1504   東元    11.40    11.50    11.20    11.25   ▼0.15   8745    12.00    10.50
  1506   正道     3.68     4.15     3.68     3.86   ▼0.03    378     4.13     3.59
  1507   永大    12.85    13.05    12.70    12.75   △0.05    972    13.60    11.90
  1510   台安    17.90    18.00    17.20    17.50   ▼0.40    555    18.70    16.30
  1512   瑞利     3.70     3.70     3.60     3.61   ▼0.05    474     3.86     3.36
  1513 中興電     9.00     9.10     8.80     8.95   △0.05   2489     9.55     8.35
  1514   亞力     8.25     8.45     8.20     8.35   △0.10    250     8.90     7.80
  1515   力山     6.25     6.25     6.00     6.20             695     6.60     5.80
  1516   川飛     3.01     3.10     3.01     3.05   ▼0.04    229     3.26     2.84
  1517   利奇     4.95     5.10     4.90     4.97   △0.12    646     5.30     4.64
  1518   夆典     5.60     5.70     5.50     5.60   △0.05    219     5.95     5.25
  1519   華城    15.40    15.90    15.20    15.90   △0.50    202    16.90    14.85
  1520   復盛    56.00    56.50    54.50    55.00   ▼0.50   3349    58.50    51.50
  1521   大億    12.20    12.50    11.70    11.70   ▼0.25    168    12.50    10.90
  1522 堤維西    24.50    25.00    24.00    24.00            2924    25.60    22.40
  1523   開億    17.00    17.30    17.00    17.20              48    18.40    16.00
  1524   耿鼎     9.70     9.90     9.50     9.50   ▼0.30    227    10.15     8.85
  1525   江申    11.30    11.30    11.30    11.30   △0.10      6    12.05    10.55
  1526   日馳    -9.50   +10.90    -9.50   +10.90   △0.70   1507    11.60    10.20
  1527   鑽全    45.20    45.70    44.50    44.60   ▼0.30   1962    47.70    41.50
  1528   恩德     8.20     8.30     8.10     8.15   ▼0.05    777     8.70     7.60
  1529   樂士     5.65    +6.00     5.65    +6.00   △0.35   1445     6.35     5.65
  1530   亞崴     9.55     9.60     9.50     9.55   △0.05     73    10.20     8.90
  1531 高林股    24.20    24.50    23.80    23.80   ▼0.10    178    25.40    22.20
  1532   勤美    17.80    18.40    17.80    18.00   △0.20   2092    19.20    16.80
  1533 車王電    56.50    57.50    54.50    54.50   ▼1.50    762    58.00    51.00
  1534   新企     8.70     8.70     8.35     8.60              42     9.20     8.00
  1535   中宇    10.60    10.65    10.30    10.30   ▼0.25     82    11.00     9.60
  1536   和大     9.70     9.70     9.30     9.55   ▼0.15    181    10.20     8.90
  1601   台光     2.84     2.84     2.71     2.72   ▼0.05    454     2.91     2.53
  1602   太電     9.10     9.15     8.60     8.60   ▼0.30  46203     9.20     8.00
  1603   華電     3.51     3.70     3.51     3.58   △0.03    490     3.82     3.34
  1604   聲寶    10.75    10.75    10.20    10.30   ▼0.15   2141    11.00     9.60
  1605   華新     9.40     9.40     9.00     9.00   ▼0.45  29110     9.65     8.35
  1606   歌林     3.70    +3.80     3.64    +3.80   △0.24   2932     4.04     3.56
  1608   華榮     3.64     3.70     3.52     3.52   ▼0.09   1737     3.77     3.27
  1609   大亞     4.08     4.10     4.02     4.04   ▼0.04    362     4.32     3.76
  1611   中電     8.00     8.00     7.75     7.75   ▼0.05    146     8.25     7.25
  1612   宏泰     5.80     5.85     5.60     5.60   ▼0.15    448     6.00     5.20
  1613   台一    -0.91    -0.91    -0.91    -0.91   ▼0.06     15     0.97     0.85
  1614 三洋電     9.10     9.10     9.00     9.05   ▼0.10    102     9.65     8.45
  1615   大山     4.95     5.05     4.95     5.00   △0.05     47     5.30     4.66
  1616   億泰     5.90    +6.50     5.90    +6.50   △0.40    207     6.90     6.10
  1617   榮星    14.05    14.05    13.90    14.00             136    14.95    13.05
  1618   合機     5.90     6.10     5.70     5.75   ▼0.10   1658     6.15     5.35
  1701   中化     7.95     8.25     7.90     8.10   △0.15   2417     8.65     7.55
  1702   南僑     6.50    +6.80     6.50    +6.80   △0.40   1340     7.20     6.40
  1704   榮化     8.20     8.40     8.20     8.20             199     8.75     7.65
  1707 葡萄王     5.90    +6.25     5.90     6.10   △0.25    916     6.50     5.70
  1708   東鹼     5.70     5.95     5.70     5.75             825     6.15     5.35
  1709   和益    11.95    12.00    11.75    11.80   ▼0.15     59    12.60    11.00
  1710   東聯    11.50    11.90    11.20    11.30   ▼0.10   3483    12.05    10.55
  1711   永光     7.90     8.20     7.90     8.00             801     8.55     7.45
  1712   興農     4.40     4.61     4.40     4.45            2043     4.76     4.14
  1713   國化     8.05     8.40     8.00     8.05   △0.05   1143     8.60     7.50
  1714   和桐    19.50    20.00    19.00    19.00   ▼0.40   6348    20.30    17.70
  1715   亞化     7.50     7.55     7.35     7.40            2360     7.90     6.90
  1716   永信    28.40    28.60    28.20    28.40   △0.10   1242    30.30    26.50
  1717   長興    15.80    15.90    15.20    15.20   ▼0.60   2732    16.30    14.10
  1718   中纖     3.23     3.36     3.20     3.27   △0.07   2724     3.49     3.05
  1720   生達    22.00    22.50    22.00    22.00   ▼0.10    533    23.50    20.50
  1721   三晃     2.82     2.90     2.82     2.86   ▼0.04     42     3.06     2.66
  1722   台肥    18.80    19.80    18.80    19.00   △0.20  24566    20.30    17.70
  1723   中碳    30.30    30.30    29.80    29.80   ▼0.60    947    31.90    27.70
  1724   台硝   +10.45   +10.45    10.35   +10.45   △0.65  12374    11.10     9.80
  1725   元禎    22.60    22.80    22.60    22.70   ▼0.10     30    24.20    21.20
  1726   永記    32.40    32.40    31.80    31.80   ▼0.60    272    34.00    29.60
  1727 中華化     6.85     7.10     6.85     7.00   △0.15     38     7.45     6.55
  1729   必翔   111.00   112.50   109.00   111.00   ▼0.50   1826   118.50   103.50
  1730 花仙子     9.60     9.90     9.55     9.65   ▼0.15     68    10.30     9.00
  1731 美吾華    12.50    12.60    12.25    12.40   ▼0.10    167    13.25    11.55
  1732   毛寶     9.80     9.95     9.60     9.60   ▼0.30     34    10.25     8.95
  1733   五鼎   105.00   107.50   103.00   103.00   ▼2.00    302   110.00    96.00
  1802   台玻    21.40    21.40    20.80    20.80   ▼0.60   1498    22.20    19.40
  1805   凱聚     2.70     2.78     2.65     2.67   ▼0.02   1165     2.85     2.49
  1806   信益     2.85     2.97     2.82     2.85            1322     3.04     2.66
  1807   羅馬    -0.99    -0.99    -0.99    -0.99   ▼0.07     23     1.06     0.92
  1808 國賓瓷                                3.54                     3.78     3.42
  1809   中釉     6.85     7.00     6.85     6.85             360     7.30     6.40
  1810   和成     6.90     7.10     6.80     6.95   △0.15   2471     7.40     6.50
  1902   台紙     2.38     2.46     2.36     2.42   △0.05   2134     2.58     2.26
  1903   士紙    28.10   +30.40    28.10    29.60   △1.10    627    31.50    27.70
  1904   正隆     4.95     5.10     4.85     4.86   ▼0.03   4229     5.20     4.52
  1905   華紙     7.00     7.10     6.90     6.90   ▼0.10   1443     7.35     6.45
  1906   寶隆     2.00     2.01     1.90     1.95   ▼0.05     57     2.09     1.81
  1907 永豐餘     7.85     8.10     7.70     7.90             673     8.45     7.35
  1909   榮成     3.70     3.86     3.70     3.80   △0.08    332     4.06     3.54
  2002   中鋼    13.85    14.00    13.70    13.90   △0.05   8004    14.85    12.95
  2005   友力                                0.36                     0.38     0.35
  2006   東鋼     8.30     8.40     8.10     8.15   ▼0.20    797     8.70     7.60
  2007   燁興     1.10    +1.11     1.05    +1.11   △0.07   4908     1.18     1.04
  2008 高興昌     3.51     3.65     3.51     3.64   △0.04    170     3.89     3.39
  2009 第一銅     2.95     3.04     2.95     3.00   ▼0.08    173     3.21     2.79
  2010   春源     6.95     7.15     6.95     6.95   ▼0.15    166     7.40     6.50
  2012   春雨     2.43     2.45     2.32     2.39   ▼0.04     51     2.56     2.22
  2013 中鋼構    15.50    15.80    15.40    15.40   ▼0.20    137    16.40    14.35
  2014   燁隆    +0.87    +0.87    +0.87    +0.87   △0.05    470     0.92     0.82
  2015   豐興     7.50     7.60     7.25     7.50             263     8.00     7.00
  2016 名佳利                                0.00                     0.00     0.00
  2017   嘉益     1.75     1.80     1.72     1.75             403     1.87     1.63
  2020   美亞     6.45     6.45     6.40     6.40              70     6.80     6.00
  2022   聚亨     2.30     2.38     2.23     2.29            2015     2.45     2.13
  2023   燁輝     3.90     4.16     3.90     4.08   △0.18   5136     4.35     3.81
  2024   志聯    +0.43    +0.43    +0.43    +0.43   △0.02     83     0.45     0.41
  2025   千興    -0.63    -0.63    -0.63    -0.63   ▼0.04    241     0.67     0.59
  2027 大成鋼     8.10     8.20     8.10     8.10             136     8.65     7.55
  2028   威致    +1.64    +1.64     1.55    +1.64   △0.10   2840     1.74     1.54
  2029   盛餘    11.50    11.75    11.40    11.60   ▼0.20   1310    12.40    10.80
  2030   彰源     5.20     5.30     5.20     5.30   △0.10     49     5.65     4.94
  2031 新光鋼     6.45     6.65    -6.40     6.60   ▼0.25    335     7.05     6.15
  2032   新鋼    -7.55     8.10    -7.55     8.10              35     8.65     7.55
  2033   佳大                                5.70                     6.05     5.55
  2034   允強     6.20     6.20     6.20     6.20   ▼0.10     22     6.60     5.80
  2101   南港     6.40     6.60    -5.90     6.10   ▼0.20   4928     6.50     5.70
  2102   泰豐    16.30   +17.00    16.30    16.90   △1.00   7274    18.00    15.80
  2103   台橡     4.95     4.97     4.82     4.85            2475     5.15     4.52
  2104   中橡    10.65    10.90    10.40    10.50   ▼0.10   2653    11.20     9.80
  2105   正新    21.60    21.80    21.30    21.50            3853    23.00    20.00
  2106   建大     9.80     9.95     9.60     9.60   ▼0.20   1110    10.25     8.95
  2107   厚生     8.70    +8.85     8.60    +8.85   △0.55   2401     9.40     8.30
  2108   南帝    14.20    14.30    13.75    13.80   ▼0.45   2152    14.75    12.85
  2109   華豐     6.50     6.70     6.50     6.60   △0.10     31     7.05     6.15
  2201   裕隆    16.50    16.60    16.20    16.30   ▼0.10   2665    17.40    15.20
  2204   中華    22.80    22.90    22.40    22.80            1220    24.30    21.30
  2206   三陽     5.05    +5.20     4.99    +5.20   △0.33   1397     5.50     4.86
  2207 和泰車    14.70    15.30    14.60    14.85   △0.20    126    15.80    13.85
  2301   光寶    29.80    30.80    28.50    28.90   ▼0.40  50241    30.90    26.90
  2302   麗正     7.50     7.80     7.10     7.10   ▼0.30   5918     7.60     6.60
  2303   聯電    44.30    45.00    43.00    43.00   ▼1.30  74362    46.10    39.90
  2304   誠洲     2.32    +2.41     2.32    +2.41   △0.15    210     2.56     2.26
  2305   全友    12.50   +13.35    12.50    12.70   △0.20  10720    13.55    11.85
  2306   宏電    21.70    22.30    20.50    20.50   ▼1.10  79965    22.00    19.00
  2308 台達電    59.00    60.00    57.00    57.00   ▼2.00   6134    61.00    53.00
  2310   旭麗    52.00    54.00    50.00    50.50   ▼1.00  23914    54.00    46.90
  2311 日月光    30.10    30.10    28.70    28.90   ▼1.20  15420    31.00    26.80
  2312   金寶    24.70    24.90   -23.20    23.30   ▼1.60  18612    25.00    21.60
  2313   華通    47.40    49.20    47.10    47.10   ▼0.80  13218    50.00    43.80
  2314   台揚    34.70    34.80    33.00    33.00   ▼1.50  10124    35.40    30.60
  2315   神達    21.10    21.70   -19.60   -19.60   ▼1.40  35811    21.00    18.20
  2316 楠梓電    17.60    17.90    16.50    16.60   ▼0.90  11025    17.80    15.40
  2317   鴻海   179.00   182.00   175.00   175.00   ▼4.00   6391   187.00   163.00
  2318   佳錄     4.74     4.75     4.42     4.46   ▼0.19   3523     4.78     4.14
  2319   大眾    13.70    13.90    13.00    13.00   ▼0.50  14756    13.90    12.10
  2321   東訊    32.40    32.90   -30.10   -30.10   ▼2.20  15877    32.30    27.90
  2322   致福    25.20    25.90    23.90    24.00   ▼0.50  23363    25.70    22.30
  2323   中環    27.80    28.00    26.10    26.10   ▼1.30  39382    28.00    24.20
  2324   仁寶    52.00    52.00    48.80    48.80   ▼2.20  32926    52.00    45.30
  2325   矽品    29.80    29.80   -27.90   -27.90   ▼2.10  11690    30.00    25.80
  2326   亞瑟     1.03     1.03    -0.98    -0.98   ▼0.07    524     1.05     0.91
  2327   國巨    24.30    24.60    23.00    23.40   ▼0.90  28671    25.10    21.70
  2328   廣宇    22.50    22.90    21.00    21.00   ▼1.30   2391    22.50    19.50
  2329   華泰    11.50    11.75   -10.70    10.75   ▼0.75  13621    11.55     9.95
  2330 台積電    87.50    88.00    85.00    85.00   ▼2.50  35355    91.00    79.00
  2331   精英   209.00   218.00   205.00   212.00   △3.00  21722   226.00   198.00
  2332   友訊    55.50   +58.50    54.50    56.00   △1.00  41150    59.50    52.50
  2333   碧悠    17.20    17.40    16.00    16.20   ▼0.80  15365    17.30    15.10
  2335   清三     8.20     8.50     7.60     7.60   ▼0.50    637     8.15     7.05
  2336   致伸    17.00    17.20   -15.90   -15.90   ▼1.10  11179    17.00    14.75
  2337   旺宏    26.60    26.90    25.00    25.10   ▼1.20  66709    26.90    23.30
  2338   光罩    28.40    28.60   -26.50   -26.50   ▼1.90  16061    28.40    24.60
  2340   光磊    17.00    17.30    16.10    16.10   ▼0.90   6897    17.20    14.95
  2341   英群    20.30    20.80   -18.80   -18.80   ▼1.40  14817    20.20    17.40
  2342   茂矽    19.00    19.00   -17.90   -17.90   ▼1.30  89121    19.20    16.60
  2343   精業    35.10    35.40    33.00    33.00   ▼2.10  12484    35.40    30.60
  2344 華邦電    25.90    25.90   -24.70   -24.70   ▼1.80 178433    26.50    22.90
  2345   智邦    84.00    85.50    82.00    83.00   ▼1.00  17425    88.50    77.50
  2346   源興    59.00    61.50    55.50    55.50   ▼3.00  43338    59.50    51.50
  2347   聯強    48.30    48.90    46.00    46.00   ▼2.50   9747    49.30    42.70
  2348   力捷     6.50     6.70     6.40     6.45   ▼0.05   4375     6.90     6.00
  2349   錸德    38.20    38.40    36.50    36.50   ▼1.70  24640    39.10    33.90
  2350   環電    25.00    26.20    24.50    24.90   ▼0.10  44568    26.60    23.20
  2351   順德    10.40    10.50     9.60     9.70   ▼0.55   1680    10.40     9.00
  2352   明電    54.50    54.50   -51.00   -51.00   ▼3.50  24345    54.50    47.20
  2353   宏科    56.00    57.50   -52.50    53.00   ▼3.00  12883    56.50    49.10
  2354   華升    36.40    37.00    35.10    35.10   ▼0.90   2529    37.60    32.60
  2355   敬鵬    37.40    37.50    35.80    35.80   ▼1.70   4057    38.40    33.20
  2356 英業達    27.70    28.20    26.50    26.50   ▼1.00  15430    28.40    24.60
  2357   華碩   163.00   164.00   160.00   160.00   ▼4.00   6901   171.00   149.00
  2358   美格     1.94    +2.07     1.94    +2.07   △0.13     93     2.20     1.94
  2359 所羅門    18.50    18.60   -17.30    17.80   ▼0.70   9576    19.00    16.60
  2360   致茂    26.30   +27.80    26.00    26.40   △0.40   8875    28.20    24.60
  2361   鴻友    10.40    10.90    10.40    10.60   ▼0.50   4581    11.35     9.85
  2362   藍天    21.90    22.50    20.10    20.40   ▼1.00  20545    21.80    19.00
  2363   矽統    50.00    51.00    48.20    48.20   ▼1.80  39003    51.50    44.70
  2364   倫飛     7.40     7.40     7.00     7.00   ▼0.20   3821     7.50     6.50
  2365   昆盈    32.50    32.60    30.80    31.00   ▼1.60   6151    33.20    28.80
  2366   亞旭    41.00   +41.50    40.80    40.90   △2.10  33990    43.60    38.20
  2367   燿華    13.35    13.40   -12.45   -12.45   ▼0.90   5349    13.35    11.55
  2368 金像電    13.70    13.85    12.80    13.10   ▼0.50   3698    14.05    12.15
  2369   菱生    15.80    16.10   -14.70   -14.70   ▼1.10   7027    15.80    13.60
  2370 匯僑工    16.90    17.50    16.50    16.50   ▼0.10  10654    17.60    15.40
  2371   大同    13.30    13.30   -12.15    12.35   ▼0.70  36236    13.25    11.45
  2373 震旦行    11.15    11.20    10.60    10.60   ▼0.35   4830    11.35     9.85
  2374   佳能    30.00    31.10    28.90    28.90   ▼1.00  22284    30.90    26.90
  2375   智寶    15.50    15.70    14.80    14.85   ▼0.55   3406    15.90    13.80
  2376   技嘉   105.00   105.00   100.00   100.00   ▼3.50  14777   107.00    93.00
  2377   微星   160.00   162.00   156.00   157.00   ▼2.00  14547   168.00   146.00
  2378 鴻運電    16.10    16.70    15.50    15.60   ▼0.30   7966    16.70    14.50
  2379   瑞昱   166.00   170.00   163.00   164.00   ▼2.00  13864   175.00   153.00
  2380   虹光    47.60    47.90    44.70    44.70   ▼2.70   3423    48.00    41.40
  2381   華宇    20.10    20.40    18.80    18.80   ▼1.30   9774    20.20    17.40
  2382   廣達   140.00   141.00   135.00   135.00   ▼4.00  10253   144.50   125.50
  2383 台光電    17.00    17.30   -15.90   -15.90   ▼1.10   6203    17.00    14.75
  2384   勝華    26.00    26.20   -24.00   -24.00   ▼1.80   6191    25.80    22.20
  2385   群光    53.00    53.00    50.50    50.50   ▼2.00   1661    54.00    46.90
  2386   國電   153.00   157.00   151.00   153.00            6881   163.00   142.50
  2387   精元    32.10    32.10    31.70    31.70   ▼0.30     39    33.90    29.50
  2388   威盛   127.00   128.50   121.00   121.00   ▼6.00  20657   129.50   112.50
  2389   世昕    18.50    18.50    17.50    17.50   ▼1.00   4631    18.70    16.30
  2390   云辰    39.80    41.30    38.70    39.00   ▼0.20  32120    41.70    36.30
  2391   合勤    57.50    59.50    57.00    57.50            9637    61.50    53.50
  2392   正崴   143.00   143.00   134.50   135.00   ▼9.00   6513   145.00   125.00
  2393   億光    20.90    21.20   -19.50   -19.50   ▼1.40   4737    20.90    18.10
  2394 普立爾    73.00    75.00    72.00    72.00   ▼1.00   7629    77.00    67.00
  2395   研華    90.00    91.00    88.00    88.00   ▼1.50   1364    94.00    82.00
  2396   精碟    36.10    36.40    34.10    34.10   ▼2.00   7403    36.60    31.60
  2397   友通    46.50    47.00    44.00    44.00   ▼2.40   3474    47.20    40.80
  2398   博達    61.00    61.00    58.00    58.00   ▼3.00   5881    62.00    54.00
  2399   映泰    30.90   +31.20    29.50    29.50   △0.30   5622    31.50    27.50
  2401   凌陽   108.00   112.00   106.00   106.00   ▼1.00   7035   113.00    99.00
  2402   毅嘉    52.50    52.50    49.00    49.10   ▼3.40   8938    52.50    45.50
  2403   友尚    43.80    44.00    40.70    40.70   ▼2.90   2559    43.70    37.70
  2404   漢唐    28.80    28.90    27.80    27.90   ▼1.00   2367    29.90    25.90
  2405   浩鑫    50.50   +52.00    49.80    50.50   △1.70  10890    53.50    47.10
  2406   國碩    17.20    17.50    16.10    16.10   ▼1.10   5412    17.30    14.90
  2407   陞技    32.30    32.80    31.30    31.30   ▼0.90   8058    33.50    29.10
  2408   南科    42.60    43.40   -40.60   -40.60   ▼3.00  93750    43.60    37.60
  2409   友達    42.90    43.10    41.20    41.20   ▼1.80  51453    44.20    38.20
  2410   普大     8.35     8.35     7.80     7.95   ▼0.05    262     8.50     7.40
  2411   飛瑞    26.70    27.30    26.10    26.40            5472    28.20    24.60
  2412 中華電    49.00    49.50    48.90    49.20   △0.40   1689    52.50    45.80
  2413   環科    40.70    40.70    38.10    38.10   ▼2.60   3830    40.90    35.30
  2414   精技    22.60    23.00    20.80    21.00   ▼1.10   5847    22.50    19.50
  2415   錩新    29.80    29.80    28.50    28.50   ▼1.30    644    30.50    26.50
  2416   世平    49.00    49.90    47.00    47.10   ▼2.30   5365    50.50    43.70
  2417   圓剛    33.30    33.60   -31.10   -31.10   ▼2.30   1672    33.40    28.80
  2418   雅新    45.00    45.60    44.00    44.00   ▼1.60   8277    47.10    40.90
  2419   仲琦    26.20    26.50    25.00    25.00   ▼1.10   3388    26.80    23.20
  2420   新巨    21.30    22.50    20.30    20.30   ▼1.00   1667    21.70    18.90
  2421   建準    33.70    34.20    32.60    32.60   ▼1.10   5705    34.90    30.30
  2422   國聯    22.80    23.20    21.20    21.20   ▼1.20   9663    22.70    19.70
  2423   固緯    26.00    26.30    24.30    24.50   ▼1.40    926    26.30    22.70
  2424   隴華    22.20   +23.30    22.20    22.90   △1.10   9252    24.40    21.40
  2425   承啟    31.70   +33.40    31.20    32.50   △1.20  21406    34.60    30.40
  2426   鼎元    20.40    21.00   -19.80   -19.80   ▼1.40   5680    21.20    18.40
  2427 三商電    31.70    32.10    30.20    30.20   ▼1.00   5621    32.30    28.10
  2428   興勤    28.00    28.40    27.00    27.20   ▼0.80   1477    29.10    25.30
  2429   永兆    11.90    12.10    11.10    11.10   ▼0.55   1211    11.90    10.30
  2430   燦坤    49.70    50.50    48.40    48.40   ▼0.30   9430    51.50    45.00
  2431   聯昌    16.00   +16.50    15.60    15.60   △0.10   8339    16.60    14.55
  2432   倚天    23.10    23.50    21.60    22.00   ▼0.60   7130    23.50    20.50
  2433 互盛電    12.95    13.40    12.35    12.35   ▼0.25   6759    13.20    11.50
  2434   統懋    22.80    23.00   -21.30   -21.30   ▼1.50   1863    22.80    19.80
  2435   台路     9.30    +9.80     9.00     9.00   ▼0.20   4537     9.60     8.40
  2436 偉詮電    46.70    46.70    43.80    43.80   ▼3.00   6599    47.00    40.60
  2437   旺詮    35.90    36.00    34.00    34.00   ▼1.70   2757    36.40    31.60
  2438   英誌    15.80    16.10   -14.70   -14.70   ▼1.10   7278    15.80    13.60
  2439   美律    64.50    68.50    64.50    65.00   △0.50  12357    69.50    60.50
  2440 太空梭    15.70    15.70    15.00    15.10   △0.10  11402    16.10    14.05
  2441   超豐    19.30    19.50   -17.80   -17.80   ▼1.30   5928    19.10    16.50
  2442   美齊    40.70    43.20    40.50    40.60   ▼0.10   8778    43.40    37.80
  2443   利碟    13.85    14.00    12.90    12.90   ▼0.70   8340    13.85    11.95
  2444   友旺    77.00    78.00    74.00    74.00   ▼3.00   2281    79.00    69.00
  2445   南方    17.20    18.20    16.60    16.60   ▼0.60   5364    17.80    15.40
  2446   全懋    26.30    26.50   -24.70   -24.70   ▼1.80   4472    26.50    22.90
  2447   鼎新    66.00    66.00    61.00    61.00   ▼4.00   1626    65.50    56.50
  2448   晶電    27.00    27.10    25.80    25.80   ▼1.40   1124    27.70    23.90
  2449 京元電   +20.80   +20.80   +20.80   +20.80   △1.30   3397    22.10    19.50
  2450   神腦    41.50    42.70    40.70    40.70            6845    43.50    37.90
  2451   創見    68.00    69.00    66.00    67.50   ▼1.50   1449    72.00    63.00
  2452   乾坤    46.20    46.20    44.00    44.90   ▼1.30    378    48.10    41.70
  2453   凌群    24.40    24.50    23.10    23.20   ▼0.90    515    24.80    21.60
  2454 聯發科   650.00  +658.00   632.00   654.00  △39.00   5297   697.00   611.00
  2456 奇力新    45.80    45.90   -42.80    43.40   ▼2.60   1609    46.60    40.20
  2457   飛宏    56.50    58.50    55.00    55.00   ▼2.00   7226    58.50    51.50
  2458 義隆電    44.50    45.00    42.10    42.10   ▼2.40  11390    45.20    39.00
  2459   敦吉    61.00    61.00    58.50    59.00   ▼2.50   1289    63.00    55.00
  2460   建通    24.50    25.80    23.50    23.70   ▼1.00   1545    25.40    22.00
  2461 光群雷    48.00   +50.50    47.20    48.10   △0.50  13867    51.00    44.80
  2462 良得電    23.80    24.50    22.80    22.80   ▼0.70    634    24.40    21.20
  2463   研揚    35.20    35.70    34.80    34.80   ▼0.40     73    37.20    32.40
  2464   盟立    23.00    23.00    21.70    21.80   ▼1.00    860    23.30    20.30
  2465   麗臺    45.20    45.70    43.50    43.50   ▼1.20   3397    46.60    40.40
  2466 冠西電    19.80    19.80   -18.10    18.70   ▼0.70   1140    20.00    17.40
  2467   志聖    26.70    26.80   -24.70   -24.70   ▼1.80   1146    26.50    22.90
  2468   華經    20.70    21.40    20.00    20.20   ▼0.40   1139    21.60    18.80
  2469   力信    56.00    57.00    53.00    53.50   ▼2.00   3602    57.00    49.70
  2470   品佳    33.50    33.50    31.60    31.60   ▼2.10   4632    33.90    29.30
  2471   資通    26.50    26.70   -24.40   -24.40   ▼1.80    689    26.20    22.60
  2472   立隆    60.00   +63.00    59.50    62.00   △3.00   3374    66.00    58.00
  2473   思源   125.50   132.00   125.00   129.00   △3.50   1187   137.50   120.50
  2474   可成    71.00    71.00    68.50    68.50   ▼2.50   1051    73.00    64.00
  2475   華映    35.00    36.40   -33.00   -33.00   ▼2.40  84691    35.40    30.60
  2476   鉅祥    38.50    39.00    37.00    37.20   ▼1.20   1146    39.80    34.60
  2477 美隆電    78.00   +83.00    77.50    77.50   ▼0.50   4204    82.50    72.50
  2478   大毅    33.80    33.90    31.30    31.50   ▼1.90   1732    33.80    29.20
  2479   和立    40.00   +42.30    39.70    40.80   △1.20  14462    43.50    38.10
  2480   敦陽   132.50   137.00   131.00   131.00   ▼1.50   4156   140.00   122.00
  2481   強茂    39.30    39.40   -36.60    37.10   ▼2.20   3224    39.80    34.40
  2482   連宇    41.00    41.30    39.10    40.00   ▼1.70    364    42.90    37.10
  2483   百容    38.30    39.20    37.70    39.00   △0.70   1199    41.60    36.40
  2484   希華    31.00    31.20    28.70    28.70   ▼1.90   1707    30.80    26.60
  2485   兆赫    51.00    53.00    49.00    49.00   ▼1.50   3901    52.50    45.50
  2486   一詮    23.40    24.00    22.00    22.30   ▼0.40   2439    23.80    20.80
  2487 友立資    22.80    22.80    21.50    21.50   ▼1.00   1026    23.00    20.00
  2488   漢平    41.50    42.70    41.00    41.40   △0.50   7575    44.20    38.60
  2489   瑞軒    66.00    69.50    66.00    66.50   △0.50  11289    71.00    62.00
  2490   皇統    18.00   +19.00    17.80    18.50   △0.70   8681    19.70    17.30
  2491   訊碟    25.70    26.60    24.60    24.70   ▼1.00  14656    26.40    23.00
  2492 華新科    41.00    41.50    39.50    40.10   ▼0.10   9033    42.90    37.30
  2494   突破    61.50   +65.00    61.50   +65.00   △4.00  11192    69.00    61.00
  2501   國建     8.10     8.30     8.00     8.10   △0.10   2182     8.65     7.55
  2504   國產     2.91     3.14     2.91     2.97   △0.01   4121     3.17     2.77
  2505   國揚    -1.70    +1.94    -1.70     1.86   △0.04   6530     1.98     1.74
  2506   太設     3.86    +4.04     3.84     4.00   △0.22  18778     4.26     3.74
  2509 全坤興     8.20     8.20     8.05     8.05   ▼0.15      7     8.60     7.50
  2511   太子     2.89    +2.99     2.85     2.92   △0.12   1413     3.11     2.73
  2512   寶建    -0.68    +0.78    -0.68    +0.78   △0.05  31634     0.83     0.73
  2513   潤建     5.75     5.85     5.70     5.70   △0.05    978     6.05     5.35
  2514   龍邦     3.85    +4.07     3.83     3.90   △0.09   2416     4.16     3.64
  2515   中工     2.70     2.85     2.70     2.70            7288     2.88     2.52
  2516   新建     2.61    +2.79     2.61     2.62   △0.01   2223     2.80     2.44
  2517   長谷     0.41     0.41    -0.40    -0.40   ▼0.03    540     0.43     0.37
  2518   長億     1.96    +1.99     1.74    +1.99   △0.13  15481     2.12     1.86
  2520   冠德     5.80    +6.20     5.70     5.95   △0.15   5931     6.35     5.55
  2521   宏總    -0.66     0.73    -0.66     0.68   ▼0.02  10448     0.72     0.64
  2523   德寶     8.40     8.80     8.30     8.50   △0.20   4218     9.05     7.95
  2524   京城     5.20     5.50     5.20     5.45   ▼0.05     17     5.80     5.10
  2525   寶祥     0.76     0.83     0.76     0.76   ▼0.03   1955     0.81     0.71
  2526   大陸    10.80    11.00    10.65    10.65   ▼0.15   1132    11.40     9.90
  2527   宏璟     2.90     2.96     2.90     2.90   ▼0.04     84     3.10     2.70
  2528   皇普    -0.70     0.79    -0.70    -0.70   ▼0.05   5164     0.75     0.65
  2529   仁翔                                0.00                     0.00     0.00
  2530   華建    -1.70     1.85    -1.70    -1.70   ▼0.12  13599     1.82     1.58
  2531   三采    -0.30    +0.34    -0.30    -0.30   ▼0.02    348     0.32     0.28
  2533   昱成     5.75     5.85     5.65     5.65              96     6.00     5.30
  2534   宏盛     5.50     5.80     5.50     5.60   △0.10    508     5.95     5.25
  2535 達欣工     6.30     6.30     6.05     6.20   ▼0.10     44     6.60     5.80
  2536   宏普     3.18     3.30     3.15     3.25   △0.10    286     3.47     3.03
  2537   春池     1.81     1.81     1.70     1.72   △0.01    979     1.83     1.61
  2538   基泰     3.06     3.15     3.05     3.11   △0.02    109     3.32     2.90
  2539 櫻花建    -1.83     2.07    -1.83     1.90   ▼0.06    592     2.03     1.77
  2540 林三號    -0.92    +1.04    -0.92    +1.04   △0.06  14343     1.10     0.98
  2542   宏巨     1.90     1.98     1.86     1.86   ▼0.05    563     1.99     1.73
  2543   皇昌     5.90     5.90     5.80     5.80   ▼0.10     48     6.20     5.40
  2544   昌益    16.90    17.30    16.70    16.70   ▼0.10    781    17.80    15.60
  2545   皇翔     3.22     3.22     3.05     3.19   ▼0.05     59     3.41     2.97
  2546   根基     4.91     5.10     4.91     5.00   △0.08    242     5.30     4.66
  2547 日勝生     5.20    +5.60     5.20    +5.60   △0.35   1020     5.95     5.25
  2601   益航     3.00    +3.22     2.90     3.14   △0.13   9167     3.35     2.93
  2603   長榮    12.85    13.05    12.55    12.75   ▼0.10   6099    13.60    11.90
  2604   立榮     9.40     9.60     9.25     9.35   △0.05   2314    10.00     8.70
  2605   新興     7.65     7.80     7.60     7.75            1113     8.25     7.25
  2606   裕民     7.45     7.65     7.40     7.45            1082     7.95     6.95
  2607   榮運    21.90   +22.60    21.90   +22.60   △1.40   2593    24.00    21.20
  2608   大榮     9.65   +10.30     9.45    10.15   △0.50  27731    10.80     9.50
  2609   陽明     7.90     8.15     7.80     7.80   ▼0.10   3442     8.35     7.25
  2610   華航    13.50    13.90    13.20    13.70   △0.20   4415    14.60    12.80
  2611   志信     5.65     5.80     5.50     5.60   ▼0.10    255     5.95     5.25
  2612   偉運     6.80     7.00     6.80     6.80   ▼0.05    440     7.25     6.35
  2613   中櫃     4.30     4.40     4.21     4.35   △0.03    134     4.65     4.05
  2614 遠森科     6.15     6.25     6.00     6.00            5160     6.40     5.60
  2615   萬海    12.30    12.45    12.15    12.15   ▼0.05    731    13.00    11.30
  2616   山隆    11.00    11.00    10.30    10.90   △0.15     22    11.65    10.15
  2617   台航    12.00    12.90    11.90    12.40   △0.25  12791    13.25    11.55
  2618 長榮航    11.00   +11.60    10.50   +11.60   △0.75  15539    12.35    10.85
  2701   萬企    11.30    11.45    11.30    11.40   ▼0.10     67    12.20    10.60
  2702   華園     8.30     8.30     8.15     8.15   ▼0.15     24     8.70     7.60
  2704   國賓     7.80     7.80     7.55     7.55   ▼0.10    302     8.05     7.05
  2705   六福    11.30    11.50    10.80    11.10   ▼0.20   2185    11.85    10.35
  2706 第一店    90.00    90.50    90.00    90.50              11    96.50    84.50
  2707   晶華    15.10    15.10    14.90    14.90   ▼0.20     73    15.90    13.85
  2801   彰銀    14.20    14.25    13.85    14.00   △0.15  14484    14.95    13.05
  2802   一銀    20.40    20.60    20.00    20.40   △0.40  15777    21.80    19.00
  2806   中銀    19.90    20.00    19.50    19.60   △0.10  11849    20.90    18.30
  2807 竹商銀     5.20     5.25     5.15     5.20            1563     5.55     4.84
  2808 北商銀    12.55    12.65    12.40    12.45            6148    13.30    11.60
  2809   南企     4.09     4.12     4.01     4.05   △0.01   1185     4.33     3.77
  2810   高企     1.05    +1.18     1.05    +1.18   △0.07    226     1.25     1.11
  2811   東企     1.30     1.35     1.30     1.31             732     1.40     1.22
  2812 台中銀     3.85     3.91     3.85     3.90   △0.05   2642     4.16     3.64
  2813   國票     8.10     8.20     8.00     8.00   ▼0.10   4519     8.55     7.45
  2814   興票    10.65    10.75    10.50    10.50   ▼0.05  15781    11.20     9.80
  2815 中信銀    22.50    22.80    22.20    22.40   △0.30  21540    23.90    20.90
  2816   友聯    12.00    12.00    11.75    12.00              50    12.80    11.20
  2818   新壽    22.30    22.70    21.90    22.10            9667    23.60    20.60
  2819   中產     9.65     9.85     9.55     9.55   ▼0.10    505    10.20     8.90
  2820   華票     5.70     5.80    -5.35    -5.35   ▼0.40  13084     5.75     4.95
  2821   復華    14.10    14.20    13.80    13.80   ▼0.40   1694    14.75    12.85
  2822   農銀     8.35     8.50     8.20     8.25   ▼0.05   4186     8.80     7.70
  2823   中壽    10.75    11.30    10.60    10.80   △0.05  22877    11.55    10.05
  2824   交銀    19.90    20.10    19.60    19.60           12055    20.90    18.30
  2825 中央保     8.40     8.50     8.30     8.35   ▼0.05    281     8.90     7.80
  2826 世華銀    20.00    20.70    19.60    20.50   △0.60   7630    21.80    19.20
  2827   中聯     2.55     2.63     2.52     2.55            1701     2.72     2.38
  2828 萬通銀     5.85     5.90     5.70     5.70   ▼0.10   2351     6.10     5.30
  2829 大安銀     6.30     6.30     6.10     6.20   ▼0.10   4302     6.60     5.80
  2830   北銀    26.10    26.80    25.50    25.50   ▼0.50  17664    27.30    23.70
  2831 中華銀     8.25     8.25     8.05     8.25   ▼0.05    535     8.80     7.70
  2832   台產    12.15    12.15    11.85    12.00   ▼0.15     68    12.85    11.15
  2833 台壽保    40.00    40.80    39.60    39.90   △0.20   2402    42.60    37.20
  2834 臺企銀     6.25     6.25     6.10     6.15   ▼0.05   5105     6.55     5.75
  2835 匯通銀     9.20     9.50     9.00     9.40            1342    10.05     8.75
  2836 高雄銀    16.60    16.70    16.30    16.50            4373    17.60    15.40
  2837 萬泰銀     6.90     7.10     6.75     6.85   ▼0.25   1026     7.30     6.40
  2838 聯邦銀     5.40     5.40     5.25     5.30   ▼0.10    566     5.65     4.93
  2839 華信銀    14.20    14.40    14.00    14.00   ▼0.20  10946    14.95    13.05
  2840 玉山銀                                0.00                     0.00     0.00
  2841   台開     3.76    +3.88     3.70     3.80   △0.17    657     4.05     3.55
  2843 亞太銀     4.99     4.99     4.90     4.92   △0.01   1161     5.25     4.58
  2844 台新銀    13.00    13.05    12.60    12.65   ▼0.40   7907    13.55    11.75
  2845 遠東銀     5.40     5.50     5.40     5.45   ▼0.05   2707     5.80     5.10
  2846 中興銀     0.55     0.55    -0.52    -0.52   ▼0.03    984     0.55     0.49
  2847 大眾銀     4.72     4.78     4.72     4.74   △0.04   1445     5.05     4.42
  2848 華南保     9.60     9.60     9.30     9.30   ▼0.30     90     9.95     8.65
  2849 安泰銀     4.75     4.83     4.71     4.77   △0.07    157     5.05     4.45
  2850   新產     9.60     9.80     9.55     9.60   ▼0.05    221    10.25     8.95
  2851 中再保    10.40    10.50     9.95    10.00   ▼0.40   4257    10.70     9.30
  2852 第一保     7.10     7.20     7.05     7.15   △0.05     31     7.60     6.70
  2880 華南金    19.60    19.80    19.20    19.30           10828    20.60    18.00
  2881 富邦金    33.90    34.90    33.60    34.10   △0.80  36404    36.40    31.80
  2882 國泰金    49.30    51.00    48.50    49.50   △0.20  14737    52.50    46.10
  2883 開發金    22.00    22.40    21.60    22.20           51332    23.70    20.70
  2901   欣欣    17.20    18.10    17.20    17.50   △0.40     56    18.60    16.40
  2902   中信    -0.34    +0.38    -0.34    +0.38   △0.02    261     0.40     0.36
  2903   遠百     6.80     6.85     6.60     6.60   ▼0.25   1165     7.05     6.15
  2904   匯僑    10.00    10.00     9.80     9.90   ▼0.10    344    10.60     9.20
  2905 三商行    22.80    23.20    22.50    22.60             951    24.10    21.10
  2906   高林     7.20     7.20     7.10     7.20             366     7.70     6.70
  2908   特力    23.00    23.30    22.90    22.90   ▼0.10   2062    24.50    21.30
  2910   統領                               37.20                    39.80    35.90
  2911 麗嬰房    11.75    11.75    11.20    11.40   ▼0.55   1767    12.20    10.60
  2912 統一超    66.00    67.00    66.00    66.00   ▼0.50   1544    70.50    61.50
  2913   農林     4.80    +5.00     4.75    +5.00   △0.29   7186     5.30     4.68
  3001   協和    30.90    31.80    30.80    31.00   △1.00   1513    33.10    28.90
  4102   永日    16.20    16.20    15.60    15.70   ▼0.50     35    16.80    14.60
  4103   百略   128.00   131.50   126.00   126.50   ▼1.00    428   135.00   118.00
  4104   東貿    76.50    77.50    76.50    76.50             137    81.50    71.50
  4105   東洋    77.00    79.00    77.00    77.50   ▼1.50     95    83.00    72.00
  4205   恆義    12.70    13.00    12.70    13.00               9    13.90    12.10
  4207   環泰    14.30    14.65    14.15    14.50   ▼0.30     31    15.50    13.50
  4303   信立     1.70     1.70     1.60     1.68   △0.03    413     1.79     1.57
  4304   琨詰   -15.10    15.80   -15.10   -15.10   ▼1.10    619    16.20    14.00
  4305   世坤    14.90   +15.90    14.90    15.70   △0.80     23    16.70    14.70
  4306   炎洲    11.40    11.40    11.10    11.30   ▼0.10     97    12.05    10.55
  4401 東隆興     4.84     4.85     4.69     4.82   ▼0.07     43     5.15     4.48
  4402   福大     3.28     3.28     3.28     3.28   ▼0.04      6     3.51     3.05
  4404 百成行   +14.30   +14.30   +14.30   +14.30   △0.90    215    15.20    13.40
  4406 新昕纖    -4.75     4.79    -4.75     4.79   ▼0.31      6     5.10     4.44
  4408   聯明    -2.24     2.45    -2.24     2.45   △0.05     39     2.61     2.29
  4413   赤崁     4.25    +4.60     4.25    +4.60   △0.30    245     4.90     4.30
  4414   如興    16.90    17.40    16.70    16.70   ▼0.20    877    17.80    15.60
  4415   勤龍    -5.20     5.65    -5.20     5.65   △0.10     90     6.00     5.30
  4416   福纖     4.18     4.46     4.18     4.46   △0.16     20     4.76     4.16
  4417   金洲    11.45    11.45    10.50    10.85   ▼0.30    512    11.60    10.10
  4418   新麗    25.50    25.50    24.50    25.00   ▼0.10     46    26.70    23.30
  4419   松懋                                6.90                     7.35     6.70
  4502   源恆     5.80     5.85     5.60     5.75   ▼0.10    161     6.15     5.35
  4503   金雨    11.60   +11.95    11.50   +11.95   △0.75     48    12.70    11.20
  4506   崇友    10.40    10.40    10.15    10.40             127    11.10     9.70
  4510   高鋒    10.30    10.80    10.30    10.35   ▼0.65    280    11.10     9.60
  4513   福裕     5.60     5.75     5.45     5.70   △0.05    869     6.05     5.35
  4516 正峰工    19.10    19.20    18.80    19.00   ▼0.20    578    20.30    17.70
  4520   喬福     7.35     7.50     7.35     7.50   △0.15     71     8.00     7.00
  4522   大寶   -13.15   -13.15   -13.15   -13.15   ▼0.95      2    14.10    12.20
  4523   永彰    10.00    10.35    10.00    10.35   △0.35     26    11.05     9.65
  4526   東台    25.70   +27.40    25.00   +27.40   △1.70   2876    29.10    25.70
  4527 方土霖    12.90    13.75    12.90    13.75   ▼0.05     56    14.70    12.80
  4528   江興     8.60     8.60     8.50     8.60               6     9.20     8.00
  4529   力武     5.80     5.80     5.25     5.25   ▼0.25      9     5.60     4.87
  4530   宏易    58.00    59.00    57.00    57.50   ▼1.00    284    61.50    53.50
  4531   巨庭    19.00    19.00    18.70    19.00   △0.20    123    20.30    17.70
  4605 萬泰電    -6.45     7.10    -6.45     6.60   ▼0.30    536     7.05     6.15
  4609   唐鋒    10.30    10.30    10.30    10.30   △0.20      5    11.00     9.60
  4702 中美實     6.90     6.90     6.50     6.50   ▼0.40    619     6.95     6.05
  4703 美克能     2.60     2.69     2.47     2.67   △0.03    207     2.85     2.49
  4706   大恭    11.05    11.25    11.00    11.00   ▼0.10     47    11.75    10.25
  4707   磐亞    10.65    11.40   -10.60    11.40   △0.05      4    12.15    10.65
  4710   濟生    18.30    18.60    18.10    18.10   △0.10    150    19.30    16.90
  4711   永純    10.60    10.95    10.60    10.95   △0.25      3    11.65    10.25
  4712   南璋     6.15     6.50     6.00     6.40   △0.20    587     6.80     6.00
  4714   永捷     5.95    +6.50     5.90    +6.50   △0.40     95     6.90     6.10
  4716   大立    20.90    21.40   -20.00   -20.00   ▼1.50    790    21.50    18.50
  4717   天泰    11.95    12.30    11.05    11.05   ▼0.50    629    11.85    10.25
  4718 日勝化    21.10    21.40    21.00    21.00   ▼0.40    139    22.40    19.60
  4719   杏輝    19.30    19.50    18.50    19.00   ▼0.30    672    20.30    17.70
  4720   德淵    16.20    16.50    16.10    16.40   △0.20     80    17.50    15.30
  4721 美琪瑪    16.00    16.10    14.80    14.80   ▼0.70    372    15.80    13.75
  4722 國精化    13.40    13.90    13.40    13.80   △0.30    356    14.70    12.90
  4801   景泰     3.73    +4.28    -3.72     4.09   △0.09    117     4.37     3.81
  4901 台灣大    45.10    46.20    44.70    45.90   △0.60  12661    49.00    42.80
  4902   星通    56.50    57.00    55.00    55.00   ▼2.00    444    58.50    51.50
  4903 聯光通    12.10    12.20    11.80    11.85   ▼0.25    745    12.65    11.05
  4904   遠傳    45.70    46.10    45.10    45.90   △0.10    956    49.10    42.70
  4905 台聯電    25.10    25.50    24.50    24.70   ▼0.30    589    26.40    23.00
  4906   正文  +127.00  +127.00  +127.00  +127.00   △8.00      1   135.00   119.00
  5001   信元    29.50    29.50   -28.80   -28.80   ▼2.10      6    30.90    26.70
  5002   住聯                                0.00                     0.00     0.00
  5006   高鋁     6.80     7.10     6.80     6.95   ▼0.15    629     7.40     6.50
  5007   三星     7.90     8.00     7.90     7.95              27     8.50     7.40
  5009   榮剛    +4.85    +4.85    +4.85    +4.85   △0.31    630     5.15     4.54
  5011   久陽     5.40    +5.75     5.20    +5.75   △0.35   1181     6.10     5.40
  5013   強新     4.01     4.05     4.01     4.05   △0.05      4     4.33     3.77
  5014   建錩     5.70     5.70     5.65     5.65   ▼0.05     29     6.00     5.30
  5015   華祺    19.20   +20.40    19.00    19.80   △0.70    847    21.10    18.50
  5016   松和     9.65     9.65    -9.30    -9.30   ▼0.70      4    10.00     8.60
  5102   富強    14.90    15.70    14.90    15.40   △0.50     89    16.40    14.40
  5201   凱衛     7.75     7.75     7.30     7.45   ▼0.30    328     7.95     6.95
  5202   力新    17.80    18.30    17.30    17.40   ▼0.80    527    18.60    16.20
  5203   訊連   123.50   126.00   121.50   125.00   △1.50    291   133.50   116.50
  5204   得捷    75.50    76.00   -70.00   -70.00   ▼5.00    533    75.00    65.00
  5205   漢康    18.80    19.00    18.50    18.60   ▼0.40    140    19.90    17.30
  5206   經緯    12.20    12.35   -11.35    11.55   ▼0.65    454    12.40    10.70
  5207   飛雅    24.60    24.60    24.00    24.60   △0.20    267    26.30    22.90
  5208   蔚華   +39.60   +39.60   +39.60   +39.60   △2.50    148    42.10    37.10
  5301 祥裕電    13.60   +14.55    13.50   +14.55   △0.95   2163    15.50    13.60
  5302   太欣    20.00    21.10    19.80    19.80   ▼0.20   2612    21.20    18.40
  5304 大霸電    24.20    24.50    22.40    22.50   ▼1.40  10714    24.10    20.90
  5305   敦南    26.30    27.50    25.00    25.10   ▼1.20   6813    26.90    23.30
  5306   訊康    24.80    26.20    23.60    23.90   ▼0.90   3340    25.60    22.20
  5307   耀文    11.10    11.20    10.60    10.60   ▼0.50   3691    11.35     9.85
  5309   系統     9.90    10.20     9.80     9.80   ▼0.05   1640    10.45     9.15
  5310   天剛    20.70    21.70   -19.00   -19.00   ▼1.40   6821    20.40    17.60
  5312 寶島科     7.70     8.00     7.50     7.55   ▼0.25    366     8.05     7.05
  5314   民生    29.90    30.30   -27.90   -27.90   ▼2.00   4705    29.90    25.90
  5315   光聯    15.00    15.00   -13.60    13.90   ▼0.70   1686    14.90    12.90
  5317   凱美    10.30    10.50     9.80    10.10   ▼0.20    890    10.80     9.40
  5318   佳鼎    11.20    11.20   -10.15   -10.15   ▼0.75   4466    10.90     9.40
  5321   九德     7.00     7.40     7.00     7.15   △0.15   1212     7.60     6.70
  5324 華昕電    10.75   +11.50    10.75   +11.50   △0.75   1592    12.25    10.75
  5325   大騰    21.20   +22.60    21.20   +22.60   △1.40   5929    24.00    21.20
  5326   漢磊    20.00    20.90   -18.60    18.90   ▼1.10   6902    20.30    17.50
  5328   華容    13.30    13.90    12.80    13.30            1740    14.20    12.40
  5332   旭龍    13.70    13.70    13.40    13.50   ▼0.30    120    14.45    12.55
  5333   佳茂                                0.00                     0.00     0.00
  5336   華特     1.30     1.30    -1.18    -1.18   ▼0.08    457     1.26     1.10
  5340   建榮     7.40    +7.80     7.25     7.55   △0.25   4392     8.05     7.05
  5344   立衛    -5.70     5.95    -5.70    -5.70   ▼0.40   2798     6.10     5.30
  5345   天揚    21.60   +23.00    21.60    22.20   △0.70   5688    23.70    20.70
  5346   力晶    29.40    29.40   -27.50   -27.50   ▼2.00  97425    29.50    25.50
  5347   世界    16.20    16.20   -15.10   -15.10   ▼1.10  12846    16.20    14.00
  5348   系通    +5.70    +5.70    +5.70    +5.70   △0.35    101     6.05     5.35
  5349   先豐    25.60    27.20    25.50    26.10   △0.10   2030    27.90    24.30
  5351   鈺創    47.00    47.10    44.00    44.00   ▼2.40   2884    47.20    40.80
  5353   台林    16.00    16.20    15.60    15.60   ▼0.20    649    16.70    14.50
  5354   憶聲    22.70    22.70   -20.90    21.20   ▼1.20   3144    22.70    19.70
  5355   佳總    16.00   +16.10    16.00   +16.10   △1.00   1918    17.10    15.10
  5356   協益    18.60    19.60    17.70    18.10   ▼0.50   2312    19.40    16.80
  5363   欣興    32.90    33.60    32.40    32.50   ▼0.70   3231    34.80    30.20
  5364   梅捷    10.50   +11.00    10.50   +11.00   △0.70   2937    11.70    10.30
  5371 中光電    66.00    69.00    64.00    66.00   △1.00  10835    70.50    61.50
  5372   十美    17.00    17.10    16.20    16.80   ▼0.40    923    18.00    15.60
  5375   慧智    14.50    14.50    13.80    13.80   ▼0.70   2996    14.80    12.80
  5376 東正元    10.50    11.35    10.50    10.55   ▼0.50    302    11.30     9.80
  5381   合正    20.30   +21.20    19.70    20.00   △0.10   8751    21.30    18.70
  5383   金利    13.40    13.40   -12.30    12.80   ▼0.40    267    13.70    11.90
  5384   捷元    14.15    14.40    13.50    13.50   ▼0.60    920    14.45    12.55
  5385   瑩寶    -3.46    -3.46    -3.46    -3.46   ▼0.26    125     3.72     3.20
  5386   青雲    29.40    31.10   -27.20    30.10   △0.90    900    32.10    28.10
  5387   茂德    31.40    31.50   -30.60   -30.60   ▼2.20  12031    32.80    28.40
  5388   中磊    25.30    25.80    24.60    24.70   ▼1.10    758    26.50    22.90
  5392   怡安    13.00    13.00   -12.25    12.30   ▼0.85    250    13.20    11.40
  5393   揚智    53.00    53.00   -50.50    51.00   ▼3.00   5721    54.50    47.30
  5395   普揚    14.00    14.30    13.80    13.90   ▼0.10    669    14.85    12.95
  5398   力瑋    17.20    17.60   -16.20   -16.20   ▼1.20   1388    17.40    15.00
  5401 第三波    22.20    22.80    21.00    21.30   ▼0.90    591    22.80    19.80
  5403   中菲    32.10    33.00    31.50    31.50   ▼1.50    442    33.80    29.20
  5404   智原   160.00   169.00   160.00   161.00   △1.00   1348   172.00   150.00
  5410   國眾     8.20     8.35     7.85     8.00   ▼0.30    488     8.55     7.45
  5414   磐英    23.80    24.10   -22.00   -22.00   ▼1.60   1562    23.60    20.40
  5421   盛達    51.50    51.50    50.00    50.50   ▼1.00    564    54.00    46.90
  5423 禾伸堂    76.50    79.00    76.00    76.00   ▼2.00   1011    81.00    71.00
  5424   零壹    20.70    20.80    20.00    20.00   ▼0.90    398    21.40    18.60
  5425   台半    16.50    18.40    16.50    17.70   △0.20   6383    18.90    16.50
  5426   振發    24.80    24.90    23.50    24.10   ▼0.60   1622    25.80    22.40
  5432   達威    15.80    16.10    14.70    14.80   ▼0.70   3665    15.80    13.75
  5434   崇越   166.00  +176.00   165.00   168.00   △3.00   3250   179.00   157.00
  5436   立生    11.30    11.40   -10.55   -10.55   ▼0.75   1221    11.30     9.80
  5438   東友    64.00    66.50    63.00    65.50   △1.50    433    69.50    61.50
  5439   高技    17.40   +18.10    16.70   +18.10   △1.10   1313    19.20    17.00
  5442   世峰    12.95   +13.50    12.65    13.30   △0.65   2210    14.15    12.45
  5443   均豪    12.60    12.70    11.40    11.40   ▼0.80   1028    12.25    10.55
  5447   建   111.00  +116.50   111.00   115.00   △6.00   3953   122.50   107.50
  5448   維迪    28.80    28.80    27.30    27.30   ▼1.30    266    29.30    25.30
  5449   今皓    27.00    27.80    26.50    26.50   ▼1.10    753    28.40    24.60
  5450   寶聯    63.50    63.50    61.00    61.00   ▼2.00    968    65.00    57.00
  5451 奇普仕    34.80    35.30    34.20    34.90   △0.10    378    37.30    32.50
  5452   佶優   +77.00   +77.00   +77.00   +77.00   △5.00    153    82.00    72.00
  5453   華立    73.00    75.00    71.00    72.00   ▼1.00   1931    77.00    67.00
  5455 訊利電    16.80    16.80   -15.70   -15.70   ▼1.10    965    16.80    14.55
  5456   同開    27.00    27.40    26.10    26.90   ▼0.10    336    28.70    25.10
  5457   宣得    28.50    28.60    27.20    28.40   ▼0.10   2378    30.30    26.50
  5458   衛道   112.00   115.50   111.00   112.50   △0.50   1486   120.00   105.00
  5459   文曄    48.60   +52.00    48.20    50.00   △1.00   1963    53.00    46.60
  5460   同協    30.20    30.40    29.40    30.00   ▼0.60    539    32.10    27.90
  5461 增你強    44.70    44.70    43.00    43.00   ▼1.70    499    46.10    39.90
  5462   亞光   320.00  +341.00   320.00   333.00  △14.00   3064   355.00   311.00
  5463   威健    55.50    55.50    53.00    53.00   ▼3.00    719    56.50    49.10
  5464   霖宏    32.40    33.70    32.30    32.30   ▼0.10    199    34.50    30.10
  5465   富驊    24.30    24.40    22.80    23.00   ▼1.40   2703    24.70    21.30
  5466   泰林    15.30    15.30   -14.35   -14.35   ▼1.05   2531    15.40    13.30
  5467   聯瞻    19.30    19.30   -18.20   -18.20   ▼1.30   1249    19.50    16.90
  5468   台晶    19.00    19.40   -17.70   -17.70   ▼1.30   3039    19.00    16.40
  5469 瀚宇博    22.80   +23.50    22.60    23.40   △1.40   1947    24.90    21.90
  5470   健鼎    39.50    39.60    37.40    37.70   ▼1.80   2673    40.40    35.00
  5471   松翰   135.00   137.00   132.00   135.00            1140   144.00   126.00
  5472   晶技    42.80    43.00    41.00    41.00   ▼2.10   3951    44.00    38.00
  5473   矽成    31.30    31.60    29.70    29.70   ▼1.60   2113    31.80    27.60
  5474   聰泰    13.30    13.30    12.30    12.40   ▼0.70    195    13.30    11.50
  5475   德宏    17.50    17.70   -16.50   -16.50   ▼1.20   1381    17.70    15.30
  5476   科風    83.00    83.00    80.00    80.00   ▼3.00    728    85.50    74.50
  5477   遠見    67.00    67.00    65.00    65.00   ▼2.00    909    69.50    60.50
  5478   智冠   112.00   117.00   108.00   108.00   ▼5.00    467   115.50   100.50
  5479   宏傳    19.50   +20.50    19.40   +20.50   △1.30    833    21.80    19.20
  5480   統盟    28.60    28.90    27.50    27.50   ▼1.10   1108    29.50    25.50
  5481   華韡    26.80    27.50    26.20    26.20   ▼0.60    172    28.00    24.40
  5482   訊舟    46.00    46.90    45.50    46.50              93    49.70    43.30
  5483 中美晶    13.30    13.70    12.50    12.55   ▼0.35   1073    13.45    11.65
  5484 慧友電    69.50    70.00    68.00    68.00   ▼3.00    900    72.50    63.50
  5485 威達電    58.00   +60.00    56.00    56.00   ▼0.50   2322    59.50    52.50
  5486   全台    27.30    27.40   -25.70    26.30   ▼1.30    731    28.20    24.40
  5487   通泰    46.90    48.00    46.20    47.30   △0.30    477    50.50    44.10
  5488   松普    97.00  +102.00    96.00   101.50   △6.00   1974   108.00    95.00
  5489   彩富   -22.60    25.50   -22.60    24.80   △0.60    844    26.40    23.20
  5490   同亨    84.00    84.00    80.00    83.00   ▼1.50    117    88.50    77.50
  5491   連展    24.70    24.80   -23.10    23.50   ▼1.30    638    25.20    21.80
  5492 亞智科    11.65   +12.80    11.55    12.45   △0.45   1119    13.25    11.65
  5493   三聯    34.70    35.00    33.50    33.60   ▼1.00    292    36.00    31.20
  5494   德鑫    26.60    27.40    26.10    26.60             675    28.40    24.80
  5495   佰鴻    28.60    29.40    27.10    27.50   ▼1.10    837    29.50    25.50
  5496   德律    51.50    52.00    49.10    49.10   ▼2.40    459    52.50    45.50
  5497   佰鈺    21.70    22.70    21.00    21.10   ▼0.50    588    22.60    19.60
  5498   凱崴    19.90    20.30    19.10    19.50   ▼0.80   1008    20.90    18.10
  5499   聯詠    91.00    94.50    88.00    90.00   ▼1.00   3482    96.00    84.00
  5501   大大    13.80    13.80    13.80    13.80   △0.50      5    14.70    12.90
  5502   龍田    -0.12    +0.14    -0.12    -0.12   ▼0.01    910     0.12     0.12
  5503   榮美                                0.00                     0.00     0.00
  5504   信南                                0.00                     0.00     0.00
  5505   和旺     0.96    +1.01    -0.89    +1.01   △0.06   4912     1.07     0.95
  5506   長鴻     4.01     4.07     4.00     4.05   △0.10     85     4.32     3.78
  5508 永信建    11.45    11.45    11.45    11.45             284    12.25    10.65
  5511   德昌     3.80     4.00     3.70     4.00   △0.05     39     4.27     3.73
  5512   力麒     3.80     3.98     3.72     3.83   △0.05    297     4.09     3.57
  5513   德利                                0.00                     0.00     0.00
  5514   三豐     2.80     2.87     2.75     2.87   △0.04    212     3.06     2.68
  5515   建國    11.90    11.95   -11.20   -11.20   ▼0.80     89    12.00    10.40
  5516   雙喜    12.40    12.40    12.40    12.40   ▼0.10     10    13.25    11.55
  5518   大日     0.48     0.48     0.46     0.46   ▼0.01    162     0.49     0.43
  5519   隆大                                6.20                     6.60     6.00
  5520   力泰    17.30    17.60    17.30    17.50   △0.20     14    18.70    16.30
  5521   工信     1.76     1.96     1.76     1.92   △0.06     65     2.05     1.79
  5522 大都市    14.00    14.15    13.70    14.15   ▼0.05     45    15.10    13.20
  5523   宏都    +2.63    +2.63    -2.29     2.39   ▼0.07    373     2.56     2.22
  5524 全友建     1.19    +1.30     1.19    +1.30   △0.08    133     1.38     1.22
  5525   順天    10.10    10.10    10.00    10.00              34    10.70     9.30
  5527   華固    11.30    11.30    10.90    11.20   ▼0.25    200    12.00    10.40
  5528   廣大                                8.00                     8.55     7.75
  5529   訊嘉    +4.33    +4.33     4.05     4.10   △0.05   1745     4.38     3.82
  5530   大漢     2.76     2.76     2.68     2.68   ▼0.07     87     2.87     2.49
  5531   鄉林    13.50    13.50    13.50    13.50   △0.10      8    14.40    12.60
  5532   竟誠     6.55     6.95     6.55     6.95   △0.10     44     7.40     6.50
  5533   皇鼎     9.20    +9.80     8.90     9.20             677     9.80     8.60
  5601   台聯     7.15     7.15     7.15     7.15   △0.25      1     7.60     6.70
  5602 長榮櫃    17.70   +18.70    17.00   +18.70   △1.20    523    19.90    17.50
  5603   陸海     7.05     7.05     6.80     7.00               7     7.45     6.55
  5604 中連運    10.50    10.55    10.45    10.45   ▼0.05     18    11.15     9.75
  5605   遠航     7.90     7.90     7.65     7.75   ▼0.20      6     8.30     7.20
  5607   遠翔    17.00    17.60    17.00    17.30   △0.10     43    18.50    16.10
  5608 四維航     5.00     5.00     4.93     4.99   ▼0.11     24     5.30     4.64
  5609 中菲行    17.00    17.80    17.00    17.00             177    18.10    15.90
  5701 劍湖山     9.70     9.90     9.70     9.85   △0.05    153    10.50     9.20
  5702   統合    12.10    13.20    11.80    13.20   △0.60    120    14.05    12.35
  5703   亞都                               16.20                    17.30    15.70
  5704 老爺知                               18.00                    19.20    17.40
  5705 好樂迪    18.10    18.20    17.60    17.80   ▼0.40    425    19.00    16.60
  5706   鳳凰    11.15    11.20    10.90    11.20              22    11.95    10.45
  5801 建弘投    33.50    33.60    32.70    32.90   ▼0.60    103    35.20    30.60
  5810 泛亞銀     1.62     1.62     1.57     1.60   ▼0.03    416     1.71     1.49
  5817 日盛銀     5.25     5.30     5.10     5.25   ▼0.10   1403     5.60     4.88
  5818   僑銀     1.81     1.84     1.79     1.84   △0.04    291     1.96     1.72
  5819 玉山票                                0.00                     0.00     0.00
  5901   中友     1.31     1.32     1.30     1.32   ▼0.01     37     1.41     1.23
  5902   德記     6.95     7.10     6.80     6.90              59     7.35     6.45
  6001 建弘證    13.25    13.40    12.90    13.00   ▼0.20   4704    13.90    12.10
  6002 台育證     9.00     9.10     8.95     8.95   △0.15    222     9.55     8.35
  6003 大華證    13.80    14.10    13.55    13.60   ▼0.20    439    14.55    12.65
  6004 元大證    24.10    24.30    23.20    23.20   ▼0.90   4230    24.80    21.60
  6005 群益證    14.70    14.80    14.40    14.45   ▼0.35   8145    15.40    13.45
  6006 元富證    13.15    13.25    13.00    13.10   ▼0.15   3843    14.00    12.20
  6008 中信證    15.50    15.70    15.00    15.10   ▼0.40   3120    16.10    14.05
  6010 台証證    11.55    11.55    11.10    11.15   ▼0.20   1139    11.90    10.40
  6011 寶來證    14.20    14.30    13.90    13.95   ▼0.15   4529    14.90    13.00
  6012 金鼎證    10.40    10.50    10.20    10.20   ▼0.20   2180    10.90     9.50
  6014 日盛證    13.40    13.45    13.10    13.10   ▼0.50   6394    14.05    12.15
  6015 吉祥證     3.50     3.60     3.40     3.40   ▼0.22   3626     3.65     3.15
  6016 康和證     9.20     9.35     8.80     9.05   ▼0.15   1067     9.65     8.45
  6017 亞洲證     6.30     6.30     6.05     6.15            1138     6.55     5.75
  6018 新寶證     9.00     9.00     8.80     8.85   ▼0.05    955     9.45     8.25
  6019 統一證    11.00    11.20    10.80    11.00   ▼0.25   3313    11.75    10.25
  6101   弘捷    34.60    34.60    33.60    34.00   ▼0.50    537    36.40    31.60
  6102   偉訓    69.00    69.00    66.50    68.00   ▼1.50    632    72.50    63.50
  6103   合邦    16.20    16.20    15.60    15.60   ▼0.50    237    16.70    14.50
  6104   創惟    74.00    78.50    70.50    75.50   △1.00    728    80.50    70.50
  6105   瑞傳    42.10    42.10    40.80    41.00   ▼1.40    450    43.90    38.10
  6106   信邦    71.00    73.00    69.50    71.00            2211    75.50    66.50
  6107   華美    16.70    16.90    15.70    16.50   ▼0.20    107    17.60    15.40
  6108   競國    19.30    20.20    18.60    19.50             253    20.80    18.20
  6109   亞元    36.50    39.00    36.30    37.80   △0.80    960    40.30    35.30
  6110   艾群    57.50    57.50    55.50    55.50   ▼2.00    330    59.50    51.50
  6111 大宇資    42.80    43.00   -40.00    40.10   ▼2.90   1128    43.10    37.10
  6112   聚碩    66.50    67.00    65.00    65.00   ▼1.00    525    69.50    60.50
  6113   亞矽    49.60    49.60    47.00    47.80   ▼2.00    290    51.00    44.40
  6114   翔昇    20.50   +21.00    20.10   +21.00   △1.30   1159    22.30    19.70
  6115   鎰勝    61.00    64.00    60.50    62.50   △1.50    743    66.50    58.50
  6116   彩晶    21.90    22.60    21.00    21.00   ▼0.90  32218    22.50    19.50
  6117   迎廣   247.00   260.00   241.00   245.00   ▼3.00   1490   262.00   228.00
  6118   建達   +42.90   +42.90    41.00    42.40   △2.30   3876    45.20    39.60
  6119   大傳    80.50    81.00    78.00    78.50   ▼2.00    510    84.00    73.00
  6120   輔祥   +58.00   +58.00   +58.00   +58.00   △3.50      1    61.50    54.50
  6121   新普   105.50   106.50   102.00   102.00   ▼3.50   1639   109.00    95.00
  6122   擎邦    17.20    17.20    13.05    16.50   △5.00   1343    17.30    15.70
  6127 九豪精    33.90   +34.70    33.00   +34.70   △2.20   1472    36.90    32.50
  6128   上福   125.50  +133.00   125.50  +133.00   △8.50   3124   141.50   124.50
  6129   普誠    54.00   +55.00    52.50   +55.00   △3.50   3796    58.50    51.50
  6131   悠克    66.00    69.00    63.00    66.00   △0.50   1432    70.50    61.50
  6132   銳普    46.50    49.30    46.50    46.50   ▼0.30   1711    49.70    43.30
  6134   萬旭   +72.00   +72.00   +72.00   +72.00   △4.50    338    76.50    67.50
  6136 富爾特   +51.00   +51.00   +51.00   +51.00   △3.00      1    54.00    47.70
  6139   亞翔                                0.00                     0.00     0.00
  6401   助群    +6.50    +6.50    +6.50    +6.50   △0.40      7     6.90     6.10
  6402 基泰營     9.90     9.90     9.90     9.90               1    10.55     9.25
  6502   國隆                               11.25                    12.00    10.90
  8001   關貿    21.20    22.20    21.10    21.10   ▼0.70    109    22.60    19.60
  8002   資傳     4.60     4.60     4.32     4.60              54     4.92     4.28
  8003   晶磊    35.00    35.20    34.00    34.90   △0.10     94    37.30    32.50
  8004   擎邦                                0.00                     0.00     0.00
  8005   柏承    89.50    89.50    83.50    88.00   ▼0.50    544    94.00    82.00
  8006 歐格電    41.50    41.50    39.00    39.00   ▼2.80     36    41.90    36.10
  8007 商合行    15.00    15.50    14.10    14.90   ▼0.10     85    15.90    13.85
  8008 建興電   175.00  +178.00   175.00   176.00   △9.00   2613   187.00   165.00
  8009   昱昕                               15.80                    16.90    15.30
  8010   益和    12.50    12.80   -12.40    12.75   ▼0.55     41    13.65    11.85
  8011   台通   +12.00   +12.00   +12.00   +12.00   △0.75    166    12.75    11.25
  8012   琭旦                                4.24                     4.53     4.10
  8301   博登    11.35    11.70    11.35    11.70               6    12.50    10.90
  8302   宏廣    11.40    11.40    11.40    11.40              35    12.15    10.65
  8303   華登                                9.00                     9.60     8.70
  8701   正豐                                0.00                     0.00     0.00
  8703 新泰伸     6.05     6.05    -5.65    -5.65   ▼0.40    152     6.05     5.25
  8705   東隆    +9.05    +9.05    +9.05    +9.05   △0.55     27     9.60     8.50
  8707 中精機     0.56    +0.63     0.56    +0.63   △0.04     91     0.67     0.59
  8708   大鋼                                0.73                     0.78     0.71
  8709   峰安                                0.00                     0.00     0.00
  8710   易欣    -0.18    +0.20    -0.18    +0.20   △0.01     45     0.21     0.19
  8712 國產車    +0.09    +0.09    +0.09    +0.09   △0.01      2     0.09     0.09
  8713   延穎    -0.15     0.16    -0.15     0.16             108     0.17     0.15
  8714   紐新                                0.00                     0.00     0.00
  8717   瑞圓                                0.00                     0.00     0.00
  8718   工礦    -0.81    -0.81    -0.81    -0.81   ▼0.06    243     0.87     0.75
  8719   宏福     0.09     0.09    -0.08     0.09             352     0.09     0.09
  8720 元富鋁                                0.73                     0.78     0.71
  8721   尚鋒                                6.75                     7.20     6.55
  8905   裕國     7.00     7.00     7.00     7.00   ▼0.20      2     7.50     6.50
  8906   花王     5.40     5.40     4.91     5.10   ▼0.05     23     5.45     4.74
  8908   欣雄    +4.31    +4.31     4.03    +4.31   △0.28    190     4.59     4.03
  8913 華夏租     1.79     1.84     1.70     1.84   △0.04     34     1.96     1.72
  8916   光隆    16.00    16.10    15.90    16.10   ▼0.10     71    17.20    15.00
  8917   欣泰    19.70    19.90    19.70    19.80   △0.10     14    21.10    18.50
  8921   沈氏     7.20     7.40     7.10     7.40   △0.25     32     7.90     6.90
  8923   時報    15.60    15.60    15.30    15.50   △0.10     35    16.50    14.45
  8924   大田    95.50    96.00    94.00    96.00   ▼0.50    546   102.50    89.50
  8925   偉盟    22.00    22.10    21.50    22.10   ▼0.10     86    23.60    20.60
  8926 台汽電    13.60    13.95    13.45    13.65   △0.10   1049    14.55    12.75
  8927   北基     8.70     8.70     8.55     8.55   ▼0.15      4     9.15     7.95
  8928   鉅明    30.20    31.20    29.50    30.70   △1.00   4723    32.70    28.70
  8929   富堡                                5.30                     5.65     5.15
  8930   青鋼    21.50    21.50    19.50    20.60   ▼0.10   1210    22.00    19.20
  8931 大汽電    16.00   +16.60    15.80   +16.60   △1.00   2166    17.60    15.60
  8932   宏大     9.30     9.40     9.30     9.40               5    10.05     8.75
  8933 愛地雅    12.00    12.50    12.00    12.30   △0.40    317    13.10    11.50
  8934   喬工     6.90     6.95     6.60     6.95              56     7.40     6.50
  9101 福雷電     5.95     6.00     5.70     5.85   ▼0.10   2840     6.25     5.45
  9102 東亞科   +23.50   +23.50    21.80    22.20   △0.20   1591    23.70    20.70
  9801   力霸     3.86     4.00     3.86     3.94   ▼0.03   1124     4.21     3.67
  9902   臺火     5.10    +5.55     5.10    +5.55   △0.35    949     5.90     5.20
  9904   寶成    26.20    26.80    25.80    26.00           12961    27.80    24.20
  9905   大華     8.20     8.30     8.20     8.25   ▼0.05    108     8.80     7.70
  9906   興達    -0.56    +0.64    -0.56    +0.64   △0.04    113     0.68     0.60
  9907 統一實     4.04     4.09     4.00     4.04            1709     4.32     3.76
  9908 大台北    11.60    11.70    11.35    11.35   ▼0.25    942    12.15    10.55
  9910   豐泰    25.80    26.20    25.30    25.70            1747    27.40    24.00
  9911   櫻花    12.90    12.90    12.10    12.20   ▼0.45   1039    13.05    11.35
  9912   偉聯    14.90    15.20    14.45    14.65   ▼0.30   1877    15.60    13.65
  9913   美式                                0.00                     0.00     0.00
  9914 美利達     9.95     9.95     9.30     9.65   ▼0.05   2813    10.30     9.00
  9915   億豐    47.00    47.30    44.50    44.50   ▼2.50   1502    47.70    41.30
  9917   中保    34.00    34.10    33.40    33.70            2979    36.00    31.40
  9918 欣天然    11.95    12.00    11.90    11.90   ▼0.10     25    12.70    11.10
  9919 康那香    11.30    11.40    11.20    11.35   △0.10    499    12.10    10.60
  9921   巨大    31.90    31.90    30.50    30.50   ▼1.40   1337    32.70    28.30
  9922   優美     0.75     0.75     0.75     0.75               5     0.80     0.70
  9923   鼎營    20.80    21.70    20.50    21.70   △0.70    529    23.10    20.30
  9924   福興    29.00    29.20    28.40    28.70            8757    30.70    26.70
  9925   新保    21.70    21.90    21.50    21.80   △0.20    100    23.30    20.30
  9926   新海    12.00    12.10    11.85    12.00              35    12.80    11.20
  9927   泰銘    23.40    24.10    23.10    23.60   △0.50   1604    25.20    22.00
  9928   中視    11.05    11.05    10.70    10.75   ▼0.05    267    11.50    10.00
  9929   秋雨    17.20    17.60    17.00    17.20   △0.10   2042    18.30    16.10
  9930 中聯資     9.50     9.55     9.50     9.55   ▼0.05     31    10.20     8.90
  9931   欣高     6.90     7.00     6.90     7.00   ▼0.30     11     7.50     6.50
  9932 順大裕                                0.00                     0.00     0.00
  9933   中鼎    10.60    10.90    10.60    10.60             655    11.30     9.90
  9934   成霖    52.50    52.50    51.00    51.00   ▼1.00    787    54.50    47.40
  9935 慶豐富    10.15    10.20    10.10    10.10   △0.05     12    10.80     9.40
  9936   欣錩     6.90     6.90     6.60     6.85   △0.05   1956     7.30     6.40
  9937   全國    17.80    17.90    17.40    17.50   ▼0.10   1051    18.70    16.30
  9938   百和    24.70    24.70    23.80    24.20   ▼0.30    312    25.90    22.50
  9939   宏全    18.40    18.60    18.00    18.40             929    19.60    17.20
  9940   信義    15.50    15.90    15.50    15.90   △0.50     30    16.90    14.85
  9941   裕融    34.00    34.00    33.30    33.50   ▼0.50    237    35.80    31.20
 1101A 台泥特                               25.00                    26.70    24.20
 1106E 永康權                                0.00                     0.00     0.00
 1312A 國喬特     9.50     9.50     9.50     9.50   △0.50      2    10.10     8.90
 14022 遠紡一                              115.70                   123.75   111.70
 1407A 華隆特     2.05     2.11     2.05     2.11   △0.06     20     2.25     1.97
 14551 集盛一                              107.90                   115.45   104.15
 15031 士電一                              128.50                   137.45   124.05
 15101 台安一                                0.00                     0.00     0.00
 16021 太電一                              133.00                   142.30   128.35
 16043 聲寶三                              130.00                   139.10   125.45
 16051 華新一                              129.20                   138.20   124.70
 17042 榮化二                              138.50                   148.15   133.70
 17141 和桐一                              118.90                   127.20   114.75
 17142 和桐二                              119.00                   127.30   114.85
 1714S 和桐乙                               19.10                    20.40    18.45
 17201 生達一                              141.10                   150.95   136.20
 2002A 中鋼特    20.20    20.30    20.20    20.30   △0.10     47    21.70    18.90
 2014A 燁隆特                                0.00                     0.00     0.00
 20161 名佳一                                0.00                     0.00     0.00
 20281 威致一                              115.00                   123.05   111.00
 22042 中華二                              127.50                   136.40   123.05
 23051 全友一   131.80   132.20   131.80   132.20   △0.60     18   141.40   123.00
 23152 神達二                              134.00                   143.35   129.35
 23211 東訊一                              145.10                   155.25   140.05
 23322 友訊二                              142.00                   151.90   137.05
 2332W 友訊己                               57.00                    60.95    55.05
 2332Z 友訊壬                               58.50                    62.55    56.50
 23401 光磊一                              123.50                   132.10   119.20
 23421 茂矽一                              319.00                   341.30   307.85
 23422 茂矽二                              103.50                   110.70    99.90
 23432 精業二                              120.50                   128.90   116.30
 23442 華邦二                              137.50                   147.10   132.70
 2344L 華邦癸                               25.90                    27.70    25.00
 23451 智邦一   192.00   194.00   192.00   192.00   ▼2.00     34   205.55   178.45
 2345R 智邦甲                               90.00                    96.30    86.85
 2345S 智邦乙    75.00    76.00    73.00    73.50   ▼1.50     77    78.75    68.25
 2345V 智邦戊                               83.00                    88.80    80.10
 2349S 錸德乙                                0.00                     0.00     0.00
 23531 宏科一   125.00   125.00   124.00   124.00   △2.50     76   132.50   115.50
 23591 所羅一                              128.90                   137.90   124.40
 23611 鴻友一                              126.00                   134.80   121.60
 23641 倫飛一                              108.80                   116.40   105.00
 23731 震旦一                              117.50                   125.70   113.40
 2376U 技嘉丁                              103.50                   110.70    99.90
 2376W 技嘉己                              106.00                   113.40   102.30
 2377R 微星甲                              154.00                   164.75   148.65
 2377T 微星丙                              159.00                   170.10   153.45
 2379R 瑞昱甲                              168.00                   179.75   162.15
 2379T 瑞昱丙                              163.00                   174.40   157.30
 2392R 正威甲                              138.50                   148.15   133.70
 2393V 億光戊                               20.10                    21.50    19.40
 2394R 普立甲                               67.50                    72.20    65.15
 2394S 普立乙                               71.50                    76.50    69.00
 23951 研華一                              123.00                   131.60   118.70
 2395R 研華甲                               88.00                    94.15    84.95
 2398R 博達甲                               60.00                    64.20    57.90
 2407S 陞技乙                               34.50                    36.90    33.30
 2407T 陞技丙    30.00    30.00    30.00    30.00   ▼1.30      1    32.15    27.85
 24181 雅新一   140.00   140.00   138.10   138.10   ▼1.90      7   147.90   128.30
 2418R 雅新甲                                0.00                     0.00     0.00
 2418S 雅新乙    44.20    44.20   -43.80   -43.80   ▼3.20     18    47.05    40.55
 2418T 雅新丙    41.60    41.60    41.40    41.40   ▼0.60      2    44.30    38.50
 2419R 仲琦甲                               26.20                    28.00    25.30
 2421R 建準甲                               34.20                    36.55    33.05
 24221 國聯一                              108.00                   115.55   104.25
 24251 承啟一   128.00  +131.05   128.00  +131.05   △8.55      8   139.60   122.50
 2426T 鼎元丙                               21.20                    22.65    20.50
 24431 利碟一   104.40   105.50   102.00   102.00   ▼2.45     56   109.30    94.70
 2465R 麗臺甲                               43.00                    46.00    41.50
 2465S 麗臺乙                               40.70                    43.50    39.30
 2469R 力信甲    53.50    55.00    53.50    53.50             171    57.20    49.80
 2469S 力信乙                               51.00                    54.55    49.25
 2475R 華映甲                               35.00                    37.45    33.80
 2475T 華映丙                               29.50                    31.55    28.50
 2479S 和立乙    43.20    43.20    43.20    43.20              42    46.20    40.20
 2479T 和立丙    34.40    35.00    34.20    35.00   ▼0.20     24    37.45    32.55
 2480T 敦陽丙                              127.00                   135.85   122.60
 2489S 瑞軒乙    64.00    67.00    64.00    65.00   △1.50     42    69.40    60.60
 2489T 瑞軒丙    53.50    56.50    53.50    55.00   △1.00    151    58.75    51.25
 25062 太設二   130.00   130.00   129.60   129.80   ▼0.10     81   138.85   120.75
 25142 龍邦二   121.20   121.30   121.20   121.30   △0.20      9   129.75   112.85
 25172 長谷二     6.95     6.95    -6.20    -6.20   ▼0.45     23     6.65     5.75
 25181 長億一                               39.40                    42.15    38.05
 25302 華建二                              112.30                   120.15   108.40
 25371 春池一                              113.40                   121.30   109.45
 26091 陽明一                               98.50                   105.35    95.10
 26101 華航一   106.30   106.30   106.00   106.00               4   113.40    98.60
 26102 華航二                              148.00                   158.35   142.85
 2610T 華航丙                               12.45                    13.30    12.05
 2801A 彰銀特    43.00    43.00    42.90    42.90               5    45.90    39.90
 2815A 信銀特                               43.00                    46.00    41.50
 2844A 新甲特    10.55    10.55    10.55    10.55               6    11.25     9.85
 2883A 開發特    16.50    16.60    16.50    16.50   ▼0.10    131    17.60    15.40
 2908S 特力乙                               23.80                    25.45    23.00
 49011 台灣一   120.80   125.00   120.80   125.00   △3.55     43   133.50   116.50
 4901R 台灣甲                               44.10                    47.15    42.60
 53071 耀文一   121.50   122.00   121.50   122.00               4   130.50   113.50
 53151 光聯一    77.00    77.00    77.00    77.00   ▼0.05      1    82.35    71.65
 53262 漢磊二    95.80    95.80    92.55    92.55   ▼3.25    166    99.25    85.85
 53263 漢磊三                               90.45                    96.75    87.30
 53511 鈺創一   109.50   109.50   109.50   109.50             191   117.15   101.85
 5351S 鈺創乙                               50.00                    53.50    48.25
 5351T 鈺創丙                               53.50                    57.20    51.65
 53631 欣興一                              262.00                   280.30   252.85
 5363R 欣興甲                               31.70                    33.90    30.60
 5363S 欣興乙                               38.90                    41.60    37.55
 53711 中光一   154.00   155.00   150.00   154.00   △2.00    221   164.60   143.40
 53811 合正一    99.00   101.00    99.00   100.00   △0.05     90   106.95    93.05
 5381S 合正乙                               15.90                    17.00    15.35
 54251 台半一                              133.00                   142.30   128.35
 5425R 台半甲    15.00   +16.00    15.00   +16.00   △1.00    194    17.05    14.95
 5425S 台半乙                               17.50                    18.70    16.90
 54431 均豪一                               99.00                   105.90    95.55
 54511 奇普一   113.90   114.00   113.00   113.00   △1.90     11   120.75   105.25
 5451S 奇普乙    33.40    33.70    32.20    32.20   ▼1.30     10    34.50    29.90
 5451T 奇普丙                               36.40                    38.90    35.15
 54531 華立一   120.00   120.00   120.00   120.00   △6.85      5   127.90   112.10
 54551 訊利一                               94.20                   100.75    90.95
 54581 衛道一   118.00   120.00   118.00   119.90   △3.55    166   128.00   111.80
 5458R 衛道甲                              108.00                   115.55   104.25
 54591 文曄一                              155.00                   165.85   149.60
 54651 富驊一                              101.50                   108.60    97.95
 5465R 富驊甲                               19.10                    20.40    18.45
 54661 泰林一                              100.00                   107.00    96.50
 55021 龍田一                               30.70                    32.80    29.65
 60041 元大一   112.75   112.80   112.70   112.70   ▼0.05    128   120.55   104.85
 60101 台證一                              100.00                   107.00    96.50
 61061 信邦一   168.00   168.00   164.00   164.00   △1.00     63   175.40   152.60
 85001 勝華一   112.00   112.00   112.00   112.00               1   119.80   104.20
 85002 微星一   186.00   186.00   183.00   183.00             118   195.80   170.20
 85003 瑞昱一   167.00   169.00   167.00   168.00   △4.00     40   179.45   156.55
 85004 致茂一                               99.00                   105.90    95.55
 85005 長興一   112.00   112.00   112.00   112.00               2   119.80   104.20
 85006 明痐@                               99.80                   106.75    96.35
 85007 華通一   107.10   107.10   107.10   107.10             100   114.55    99.65
 85008 力山一                               67.05                    71.70    64.75
 85009 威盛一   123.00   123.00   119.00   119.00   ▼0.95     85   127.35   110.65
 85010 特力一                              160.00                   171.20   154.40
 85011 合機一                               92.00                    98.40    88.80
 85013 建準一                              157.00                   167.95   151.55
 85014 億光一   105.00   106.00   105.00   106.00   △1.25     11   113.30    98.70
 85015 毅嘉一   115.00   115.00   115.00   115.00   ▼1.00     20   123.10   106.90
 85016 鼎元一                              102.00                   109.10    98.45
 85017 錩新一                              110.30                   118.00   106.45
 85018 博達一    97.20    98.00    97.20    97.45   ▼0.30     16   104.25    90.65
 85019 陞技一   127.00   127.50   127.00   127.50   △0.90     18   136.35   118.65
 85020 仲琦一   105.00   105.00   104.95   105.00   ▼0.90      7   112.40    97.60
 85021 環科一                              113.25                   121.15   109.30
 85022 麗臺一                              148.00                   158.35   142.85
 85023 瑞軒一   161.00   167.00   161.00   163.00   △5.00    247   174.05   151.95
 85024 品佳一   107.00   108.80   106.00   107.00   ▼0.10     42   114.45    99.55
 85025 華經一                              100.00                   107.00    96.50
 85026 敦陽一   116.80   119.50   116.80   119.50   △2.55     11   127.65   111.35
 85027 強茂一                              105.00                   112.35   101.35
 85028 和立一   152.00   152.00   148.00   148.00   ▼1.65      5   158.45   137.55
 85029 力信一                              226.00                   241.80   218.10
 85030 鉅祥一                              106.25                   113.65   102.55
 85031 云辰一   162.00   168.00   160.00   163.00   △1.00     32   174.30   151.70
 85032 云辰二  +169.00  +169.00   156.00   156.00   ▼3.00     27   167.10   144.90
 85033 友達一   198.00   198.00   191.00   191.00   ▼4.00    946   204.65   177.35
 85035 車王一  +107.00  +107.00  +107.00  +107.00   △7.00    201   114.00   100.00
 90001 A89111                               98.65                   105.55    95.20
 90002 C89101                                0.00                     0.00     0.00
 90003 A89112                               99.89                   106.85    96.40
 90004 A89113                               99.95                   106.90    96.50
 90005 A89114                              102.67                   109.85    99.10
 90006 A90102                               99.95                   106.90    96.50
 90007 A90103                               99.15                   106.05    95.70
 90008 A90104                              101.24                   108.30    97.70
 90009 C90101                                0.00                     0.00     0.00
 90010 A90105                               99.87                   106.85    96.40
 90011 C90102                                0.00                     0.00     0.00
 90012 A90106                               99.80                   106.75    96.35
 90013 A90201                               98.76                   105.65    95.35
 90014 A90107                               98.80                   105.70    95.35
 90015 A90108                               98.84                   105.75    95.40
 95001 台選01                                0.00                     0.00     0.00
 95002 台選02                                0.00                     0.00     0.00
 95003 台選03                                0.00                     0.00     0.00
 95006 台選06                                0.00                     0.00     0.00
 95009 台選09                                0.00                     0.00     0.00
 99072 統實二                              122.45                   131.00   118.20
